1.4
4.23
3.021428571
0.81
100
0.203
1.255
20000
1.75
1.75
1
100
0
0
0.015
100
100
100
0
0
0
0
0
0
0


131.3805958
54.80261341
55.08036958
1.34650984
0


elapsedTime
Time
s
0.006850327
0.020843577
0.035066915
0.049526067
0.064225403
0.079167983
0.094358741
0.109800936
0.125494939
0.141457109
0.157692987
0.174206413
0.190999783
0.208083199
0.225467036
0.243155545
0.261158479
0.279485252
0.298144545
0.317155931
0.336528006
0.356267022
0.376345271
0.396740632
0.417403237
0.438085274
0.458767312
0.479790033
0.501036862
0.522513161
0.544224173
0.566174843
0.588369547
0.610811643
0.633502741
0.656441395
0.679620605
0.703022004
0.726447079
0.749872154
0.773297229
0.796746028
0.819805438
0.842394693
0.86448706
0.886146063
0.907405633
0.928294962
0.948839331
0.969060773
0.988978611
1.008609889
1.027969732
1.047071631
1.065927691
1.084522289
1.10284593
1.120895055
1.13864698
1.156096682
1.173245227
1.190094174
1.206651786
1.222926975
1.238928921
1.254657603
1.270116346
1.285318178
1.300280034
1.315017112
1.329543115
1.343870447
1.358010381
1.371973195
1.385768294
1.399705512
1.413865697
1.428251279
1.442860905
1.45768622
1.472724581
1.48796821
1.503400092
1.519032814
1.534867525
1.550904127
1.56713014
1.583539362
1.600121193
1.616857848
1.633758565
1.650822006
1.668045387
1.68542387
1.702949582
1.72060979
1.738382528
1.756170817
1.773959106
1.791747395
1.809551262
1.827265994
1.844877856
1.862377943
1.879760284
1.897020874
1.914157104
1.931167386
1.948050902
1.96480742
1.981437157
1.99794068
2.014315697
2.030559892
2.046671891
2.06265104
2.078497246
2.094210854
2.109792552
2.125243301
2.140540684
2.155672157
2.170630515
2.185411963
2.200016377
2.214444238
2.228696967
2.242776655
2.256682456
2.270423506
2.284008196
2.297443696
2.310736478
2.32389257
2.3369176
2.349816831
2.362595193
2.375257313
2.387807539
2.400249963
2.412588443
2.424826621
2.436967936
2.449015646
2.460972834
2.472842428
2.484627204
2.496329803
2.507952737
2.519498399
2.530969068
2.54236692
2.553693979
2.564952033
2.576142799
2.587267929
2.598329008
2.609327562
2.620265059
2.631142913
2.641962486
2.652725092
2.663431998
2.674084425
2.684683554
2.695230525
2.705726439
2.716172363
2.726569325
2.736918323
2.747220323
2.757476258
2.767687035
2.777853532
2.787976599
2.798057063
2.808095724
2.81809336
2.828050726
2.837968555
2.847847561
2.857688436
2.867491853
2.877258467
2.886988916
2.89668382
2.906343781
2.915969389
2.925561215
2.935119817
2.944645739
2.95413951
2.963601646
2.973032653
2.98243302
2.991803227
3.001143742
3.010455022
3.019737513
3.02899165
3.038217858
3.047416554
3.056588142
3.065733021
3.074851578
3.083944166
3.093011109
3.102052728
3.111069335
3.120061236
3.129028734
3.137972123
3.146891693
3.155787729
3.164660509
3.173510307
3.182337393
3.19114203
3.199924477
3.208819396
3.217801126
3.226871511
3.236032463
3.245285969
3.25463409
3.264078971
3.273622844
3.283268032
3.293016953
3.302871548
3.312834296
3.322907734
3.333094426
3.343396906
3.353818204
3.36436123
3.375028936
3.385824268
3.396750082
3.407808987
3.419005003
3.430341466
3.441821642
3.453448619
3.465225113
3.477153597
3.489237343
3.501479366
3.513882239
3.526447802
3.539179137
3.552079669
3.565152566
3.578400594
3.591825909
3.605432125
3.619222103
3.633198098
3.647361476
3.661712303
3.67625284
3.690984533
3.705907714
3.721021133
3.736321258
3.751815477
3.767507457
3.783400596
3.799497904
3.815793422
3.832286812
3.848976064
3.86585679
3.882921123
3.900172645
3.917594315
3.935155634
3.952732243
3.970308851
3.987885459
4.005477382
4.023024961
4.040492814
4.057863095
4.075124553
4.092269656
4.109293284
4.126191998
4.142963583
4.159606737
4.176120856
4.192505872
4.208762136
4.224890322
4.240891361
4.256766381
4.272516662
4.288143606
4.303648701
4.319033505
4.334299622
4.349400959
4.364316369
4.379036208
4.39355682
4.408038606
4.422793479
4.437835514
4.453180065
4.468837897
4.484819849
4.50112817
4.517719429
4.534634871
4.551879609
4.56945316
4.587334212
4.605512868
4.623964535
4.642632057
4.661525593
4.68064595
4.699992071
4.719560128
4.739342008
4.759322496
4.779472593
4.799641392
4.819810192
4.839978991
4.860166528
4.88025979
4.900257408
4.920158901
4.939964343
4.95967416
4.97928901
4.998809695
5.01823711
5.037572209
5.056815977
5.075969417
5.095033535
5.114009339
5.132897827
5.151699987
5.170416793
5.189049207
5.207598174
5.226064623
5.244449469
5.262753609
5.280977924
5.29912328
5.317190527
5.3351805
5.353094018
5.370931886
5.388635562
5.406176677
5.423538505
5.440710893
5.457683365
5.474454679
5.4910251
5.50739598
5.523569461
5.539532316
5.555275
5.570793851
5.586088753
5.601155157
5.615994747
5.630617076
5.64503513
5.659260685
5.673304467
5.687176272
5.700885078
5.714439138
5.72784535
5.741110094
5.754239314
5.767238562
5.780113031
5.792867588
5.805506801
5.818034965
5.830456123
5.842774089
5.854992462
5.867114643
5.879143855
5.891083148
5.902935417
5.914703412
5.926389747
5.937996909
5.949527267
5.960983079
5.972366502
5.983679497
5.99492384
6.006101234
6.017213316
6.02826166
6.039247779
6.050173131
6.061039119
6.071847096
6.082598364
6.093294182
6.103935763
6.114524278
6.125060862
6.135546606
6.14598257
6.156369776
6.166709216
6.177001848
6.187248601
6.197450375
6.207608042
6.217722449
6.227794415
6.237824737
6.247814189
6.25776352
6.267673461
6.277544719
6.287377983
6.297173923
6.30693319
6.316656419
6.326344225
6.335997209
6.345615955
6.355201034
6.364753
6.374272393
6.383759741
6.393215557
6.402640343
6.412034587
6.421398767
6.430733347
6.440038784
6.44931552
6.458563988
6.467784613
6.476977807
6.486143976
6.495283513
6.504396806
6.513484196
6.522546006
6.531582556
6.540594155
6.549581111
6.558543723
6.567482285
6.576397086
6.585288409
6.594156533
6.603001729
6.611824266
6.620624407
6.62940241
6.638158529
6.646893013
6.655606107
6.664298051
6.672969082
6.681619431
6.690249327
6.698858994
6.707448652
6.71601852
6.724568808
6.733099728
6.741611486
6.750104283
6.75857832
6.767033793
6.775470895
6.783889816
6.792290742
6.800673859
6.809039346
6.817387382
6.825718144
6.834031803
6.84232853
6.850608492
6.858871854
6.867118779
6.875349428
6.883563957
6.891762522
6.899945277
6.908112371
6.916263954
6.924400173
6.932521172
6.940627092
6.948718075
6.956794258
6.964855779
6.972902771
6.980935367
6.988953698
6.996957894
7.00494808
7.012924382
7.020886925
7.028835831
7.036771219
7.044693209
7.052678806
7.060733606
7.068858845
7.077055798
7.08532578
7.093670149
7.10209031
7.110587713
7.119163857
7.127820293
7.136558629
7.145380526
7.154287708
7.16328196
7.172365135
7.181539156
7.190806019
7.200167517
7.209625756
7.219182915
7.228841246
7.238603074
7.248470838
7.258447066
7.268534369
7.278735443
7.289053051
7.299490012
7.310049391
7.320734322
7.331548031
7.342493809
7.353574986
7.364794866
7.376157411
7.38766644
7.399325815
7.411139388
7.423110898
7.43524381
7.447543463
7.46001435
7.472660906
7.485487385
7.498497656
7.511695065
7.525084471
7.538670558
7.552457678
7.566449599
7.580648727
7.595058341
7.609680542
7.62451559
7.639560813
7.654808731
7.670276397
7.685965276
7.701875047
7.718002727
7.734331794
7.750863039
7.767595952
7.784528202
7.801654856
7.818979105
7.836491077
7.854173925
7.871997513
7.889836714
7.907675915
7.925515117
7.94336996
7.961143459
7.978835181
7.996445018
8.013973105
8.031419753
8.048785403
8.066070593
8.083275933
8.100402083
8.11744974
8.134419629
8.151312488
8.168129071
8.184870131
8.201536428
8.218128716
8.234647748
8.251094269
8.267469019
8.283772727
8.300006116
8.316169898
8.332264774
8.348260689
8.364139113
8.379888049
8.39549947
8.410948085
8.426223628
8.441320325
8.456235355
8.470957165
8.485482192
8.499810103
8.513950583
8.527913915
8.541709505
8.555345985
8.568830989
8.582171146
8.595372629
8.608441197
8.621382232
8.634200773
8.646901546
8.65948899
8.671967281
8.684340353
8.69661192
8.708785487
8.720864372
8.732851715
8.744750494
8.756563536
8.768293527
8.77994302
8.791514448
8.803010127
8.814432268
8.825782982
8.837064095
8.84827735
8.85942442
8.870506911
8.881526369
8.892484282
8.903382082
8.914221147
8.925113037
8.936119218
8.947241079
8.958478802
8.96983186
8.981298709
8.992876307
9.004565354
9.016364363
9.028270803
9.040280691
9.05238793
9.064593543
9.076897805
9.089300803
9.101802389
9.11439685
9.12708295
9.139858947
9.15272246
9.165670278
9.178698083
9.191809927
9.205000211
9.218261101
9.231580836
9.244936633
9.25832771
9.271754265
9.285216496
9.298714604
9.312248793
9.325819267
9.33942623
9.35306989
9.366750455
9.380468132
9.394223129
9.408015653
9.42184591
9.435714101
9.449620423
9.463565068
9.477548214
9.491570026
9.505630649
9.519730198
9.53386875
9.548046324
9.562262864
9.5765182
9.590812004
9.60514371
9.619512384
9.633916474
9.648353246
9.662801735
9.677250224
9.691698713
9.706158939
9.720602222
9.73501877
9.749402651
9.763749723
9.778056922
9.792321913
9.806542886
9.82071843
9.834847439
9.848929055
9.862962611
9.876947607
9.890883669
9.904770536
9.918608038
9.932396081
9.946293341
9.96028727
9.974380473
9.988575745
10.00287609
10.01728473
10.03180515
10.04644111
10.06119666
10.07607619
10.09108447
10.10622667
10.12150838
10.13693572
10.15251533
10.16825547
10.18415994
10.20023267
10.21647773
10.23289931
10.24950173
10.26628945
10.28326705
10.30043763
10.31780547
10.3353748
10.35314974
10.37113425
10.38933199
10.40774617
10.42637939
10.44523266
10.4643046
10.48359113
10.50308397
10.52276793
10.54261449
10.56247933
10.58234417
10.60220902
10.62209217
10.64187891
10.66150625
10.68094447
10.70017671
10.71919326
10.7379889
10.75656143
10.7749363
10.79312001
10.8111186
10.82893767
10.84658245
10.86405786
10.8813685
10.89851872
10.91551262
10.9323541
10.94904684
10.96559063
10.98198427
10.99822741
11.01432033
11.03026382
11.04605904
11.06170745
11.07720151
11.09253743
11.10771312
11.122726
11.13758121
11.15228356
11.16683762
11.18124765
11.19551771
11.20965162
11.223653
11.23752703
11.2512769
11.26490567
11.27841622
11.29181134
11.30509365
11.31826568
11.33132985
11.34428935
11.35714651
11.36990354
11.38256259
11.39512568
11.40759477
11.41997174
11.43225837
11.44445588
11.45656606
11.46859062
11.4805312
11.4923894
11.50416673
11.51586467
11.52748463
11.53902796
11.55049636
11.56189202
11.57321693
11.5844729
11.59566163
11.60678477
11.61784391
11.62884057
11.63977622
11.65065226
11.66147007
11.67223095
11.68293617
11.69358694
11.70418446
11.71472984
11.72522421
11.73566862
11.74606409
11.75641164
11.76671221
11.77696675
11.78717615
11.79734131
11.80746306
11.81767721
11.82799844
11.83843145
11.84898071
11.85965371
11.87045537
11.88139013
11.89246237
11.90367648
11.91503679
11.92654793
11.9382148
11.95004257
11.96203627
11.97420108
11.98654193
11.99906246
12.01175933
12.02464442
12.03772241
12.05099709
12.06447034
12.07814262
12.0920168
12.1060942
12.12037349
12.13484865
12.14953704
12.16444316
12.17957097
12.19492363
12.21050178
12.22630603
12.24233457
12.25858187
12.27503917
12.29170637
12.30858156
12.32566015
12.34292714
12.36036517
12.377943
12.3955601
12.41319255
12.430825
12.44845745
12.46610528
12.48371283
12.50127209
12.51877841
12.53622888
12.55362164
12.57095554
12.58822985
12.6054442
12.62259843
12.63969256
12.65672672
12.67370114
12.6906161
12.70747194
12.72426903
12.74100776
12.75768854
12.7743118
12.79087796
12.80738746
12.82384074
12.84023823
12.85658036
12.87286758
12.8891003
12.90527897
12.92140399
12.93747578
12.95349477
12.96942581
12.98524901
13.0009516
13.01652493
13.03196314
13.04726659
13.06243254
13.07745937
13.09234629
13.10709319
13.12169289
13.13614066
13.15043383
13.16457124
13.17855279
13.19237746
13.2060442
13.21955812
13.23292594
13.24615392
13.25924789
13.27221332
13.28505529
13.2977786
13.31038774
13.32288694
13.33528017
13.34757119
13.35976354
13.37186058
13.38386548
13.39578125
13.40761075
13.41935668
13.43102163
13.44260805
13.45411828
13.46555455
13.47691899
13.48821348
13.49943978
13.51059958
13.52169449
13.53272607
13.54369582
13.55460518
13.56545555
13.57624826
13.5869846
13.59766582
13.60829312
13.61886765
13.62939056
13.63986291
13.65028575
13.66066011
13.67098695
13.68126725
13.69164043
13.70211201
13.71268427
13.72335964
13.73414063
13.74502988
13.7560306
13.76714571
13.77837825
13.78973142
13.80120858
13.81281241
13.82454578
13.83641164
13.84841305
13.86055314
13.87283581
13.8852655
13.89784692
13.91058506
13.92348522
13.93655185
13.94978939
13.96320243
13.97679566
13.99057389
14.00454193
14.01870438
14.03306576
14.04763043
14.06240091
14.0773847
14.09258979
14.10802472
14.12369864
14.1396196
14.15579106
14.17221472
14.18888964
14.20581041
14.22298111
14.24040479
14.25808296
14.27601436
14.29419446
14.3126133
14.33125191
14.35011273
14.36919649
14.38850205
14.4080256
14.4277591
14.44768761
14.46778273
14.48789649
14.50801024
14.52812399
14.5482564
14.56828521
14.5881906
14.60796141
14.62759108
14.64707581
14.66641362
14.68560376
14.70464638
14.72354222
14.74229248
14.76089867
14.77936253
14.79768594
14.81587091
14.8339195
14.85180361
14.8695006
14.88699713
14.9042855
14.92136296
14.9382288
14.95488381
14.97132991
14.98756696
15.00359857
15.01942867
15.03506141
15.05048504
15.06569544
15.08069208
15.0954766
15.11005308
15.12442796
15.13861278
15.15261805
15.16645338
15.18012758
15.19364863
15.20702326
15.22025777
15.233358
15.24632943
15.25917718
15.27190604
15.28452053
15.29702487
15.30942306
15.32171887
15.33391585
15.34601735
15.35802658
15.36994653
15.38178007
15.39352993
15.40519868
15.41678879
15.42830259
15.43974234
15.45111015
15.46240794
15.47363745
15.48480037
15.49589834
15.5069329
15.51790556
15.52881777
15.53967092
15.55046634
15.56120534
15.57188915
15.58251899
15.59309602
15.60362135
15.61409609
15.62452127
15.63489791
15.645227
15.65550948
15.66574629
15.67593832
15.68608642
15.69619144
15.70625421
15.7162755
15.72625608
15.73619671
15.7460981
15.75596096
15.76578598
15.77557382
15.78532513
15.79504053
15.80472065
15.81436607
15.82397738
15.83355515
15.84309992
15.85261224
15.86209262
15.87154159
15.88095963
15.89034724
15.89970489
15.90903303
15.91833214
15.92760263
15.93684496
15.94605953
15.95524676
15.96440705
15.9735408
15.98264838
15.99173013
16.00078638
16.00981743
16.0188236
16.0278052
16.03676251
16.04569584
16.05460547
16.06349168
16.07235475
16.08119496
16.09001256
16.09880783
16.10758101
16.11633237
16.12506214
16.13377057
16.14245791
16.15112439
16.15977023
16.16839568
16.17700094
16.18558624
16.19415179
16.20269782
16.21122452
16.2197321
16.22822077
16.23669072
16.24514215
16.25357525
16.26199021
16.27038721
16.27876645
16.2871281
16.29547233
16.30379933
16.31210926
16.3204023
16.3286786
16.33693835
16.34518169
16.35340879
16.36161981
16.36981489
16.3779942
16.38615788
16.39430608
16.40243895
16.41055663
16.41865927
16.42674699
16.43481995
16.44287827
16.4509221
16.45895156
16.46696678
16.47496789
16.48295502
16.4909283
16.49888784
16.50683377
16.51476621
16.52268528
16.53059109
16.53848376
16.54636341
16.55423014
16.56208407
16.56992531
16.57775396
16.58557013
16.59337392
16.60116545
16.60894481
16.61671211
16.62446744
16.63221091
16.6399426
16.64766262
16.65537107
16.66306803
16.67075361
16.67842788
16.68609095
16.6937429
16.70138382
16.7090138
16.71663292
16.72424128
16.73183895
16.73942601
16.74700256
16.75456867
16.76212442
16.7696699
16.77725648
16.7849053
16.79261737
16.80039393
16.80823605
16.81614487
16.82412154
16.83216726
16.84028325
16.84847079
16.85673118
16.86506579
16.87347599
16.88196325
16.89052905
16.89917494
16.90790224
16.91671256
16.92560756
16.93458895
16.9436585
16.95281813
16.96206981
16.97141561
16.98085767
16.99039822
17.00003956
17.00978411
17.01963438
17.02959297
17.03966263
17.04984621
17.06014712
17.07056849
17.0811136
17.0917859
17.102589
17.11352667
17.12460293
17.13582195
17.14718817
17.15870625
17.17038113
17.18221545
17.19421397
17.2063814
17.21872221
17.23124004
17.24394313
17.25683751
17.26992927
17.28322454
17.29672921
17.31045055
17.32439583
17.33857232
17.3529871
17.3676435
17.3825494
17.3977125
17.41314004
17.42883839
17.44481985
17.46109277
17.47766449
17.49454054
17.51172327
17.52923122
17.54707163
17.56524903
17.58376334
17.60261766
17.62182234
17.64138674
17.66131845
17.68162411
17.70230411
17.72335077
17.74474193
17.76649247
17.78861405
17.81111759
17.83401248
17.85730529
17.88099759
17.9050819
17.92948303
17.95421246
17.97928235
18.00470563
18.03049605
18.05666821
18.08323758
18.11022049
18.13763399
18.16549551
18.19382213
18.22262872
18.25192363
18.28125355
18.31058346
18.33991338
18.36927839
18.39809548
18.42633459
18.45399648
18.48109505
18.50765005
18.53368359
18.55921835
18.58427665
18.60887998
18.63304877
18.65669955
18.67978972
18.70227302
18.7241763
18.74552828
18.76633385
18.78660804
18.80637293
18.82564392
18.84443938
18.86277944
18.88069107
18.89819907
18.91532649
18.93209403
18.94852072
18.96462608
18.98042879
18.99595082
19.01121166
19.0262287
19.04101752
19.05559215
19.0699653
19.08414848
19.0981522
19.11198606
19.12565886
19.13917857
19.15255193
19.16578522
19.17888428
19.19185459
19.20470125
19.21742908
19.23004256
19.24254594
19.25494321
19.26723812
19.27943423
19.2915349
19.30354332
19.31546249
19.32729527
19.3390444
19.35071244
19.36230185
19.37381499
19.38525409
19.39662127
19.40791844
19.41914735
19.43030969
19.44140708
19.45244109
19.46341321
19.47432488
19.48517751
19.49597243
19.50671093
19.51739425
19.52802362
19.53860018
19.54912506
19.55959935
19.57002409
19.58040031
19.59072897
19.60101105
19.61124746
19.62143909
19.6315868
19.64169145
19.65175384
19.66177476
19.67175499
19.68169526
19.69159631
19.70145883
19.71128352
19.72107103
19.73082201
19.7405371
19.7502169
19.75986202
19.76947303
19.7790505
19.78859498
19.79810701
19.80758712
19.8170358
19.82645357
19.83584091
19.84519829
19.85452618
19.86382503
19.87309527
19.88233735
19.89155167
19.90073866
19.90989871
19.91903223
19.92813958
19.9372211
19.94627712
19.95530795
19.9643139
19.97329528
19.98225238
19.99118549
20.00009491
20.00898092
20.01784379
20.02668379
20.03550119
20.04429626
20.05306925
20.06182041
20.07054999
20.07925824
20.08794539
20.09661168
20.10525734
20.1138826
20.12248769
20.13107281
20.13963819
20.14818404
20.15671057
20.16521799
20.17370649
20.18217627
20.19062754
20.19906047
20.20747527
20.21587212
20.2242512
20.23261269
20.24095677
20.24928361
20.25759339
20.26588628
20.27416244
20.28242204
20.29074775
20.29913907
20.30759719
20.3161233
20.32471865
20.33338454
20.34212228
20.35093328
20.35981893
20.36878074
20.37782022
20.38693841
20.39613643
20.40541537
20.41477631
20.42422034
20.4337489
20.44336268
20.4530622
20.46284782
20.47271987
20.4826787
20.49272448
20.50285707
20.51307728
20.52338551
20.53378195
20.54426579
20.55483819
20.56550034
20.57625341
20.58709909
20.5980386
20.60907316
20.62020396
20.63143266
20.64276042
20.65418831
20.66571737
20.67734942
20.68908534
20.70092588
20.71286937
20.72491606
20.73706593
20.74931866
20.76167357
20.77412949
20.78668467
20.79933297
20.81206973
20.82488846
20.83777987
20.85074876
20.86379305
20.87690999
20.89009597
20.90334611
20.91665361
20.93000811
20.94337322
20.95673832
20.97010342
20.98347914
20.9968184
21.01011204
21.02335348
21.03653776
21.04966101
21.06272019
21.07571286
21.08863464
21.10148486
21.11426307
21.12696897
21.13960238
21.15216327
21.16465169
21.17706777
21.18941175
21.20168272
21.21387839
21.22599695
21.23803704
21.24999638
21.26187444
21.27367094
21.28538576
21.29702055
21.30857771
21.32005954
21.33146824
21.34280586
21.35407421
21.36527503
21.37640996
21.3874806
21.39848849
21.40943511
21.42032187
21.43115015
21.44192127
21.4526365
21.46329707
21.47390417
21.48458681
21.49539896
21.50634475
21.51742804
21.52865303
21.54002411
21.55154592
21.56322337
21.57506292
21.58707009
21.59925074
21.6116111
21.6241578
21.63688839
21.64980714
21.66291708
21.67621842
21.68971846
21.70342141
21.71733056
21.73144761
21.74577152
21.76031098
21.77506968
21.7900502
21.80525345
21.82067273
21.836308
21.85215675
21.86821278
21.88446399
21.90092586
21.91759883
21.93448167
21.95157082
21.9688495
21.98630051
22.00389297
22.02150076
22.03910855
22.05671634
22.07433948
22.09196507
22.10954888
22.12707999
22.14455211
22.16196124
22.17930477
22.19658099
22.2137888
22.23092756
22.24799691
22.26499677
22.28192721
22.29878843
22.31558075
22.33230454
22.34896023
22.36554831
22.38206927
22.39852366
22.41491201
22.43123489
22.44749284
22.46368645
22.47981626
22.49588286
22.51185326
22.52770796
22.54343444
22.5590243
22.5744535
22.58971189
22.60479368
22.61969599
22.63441791
22.64895735
22.66331
22.67747481
22.69146115
22.70527854
22.71893572
22.7324405
22.74579958
22.75919607
22.77281985
22.78668106
22.80079052
22.81515993
22.82980197
22.84472644
22.85994607
22.87547308
22.89131621
22.90748663
22.92399736
22.94085961
22.95808007
22.97567193
22.99364852
23.01202076
23.03079453
23.04998616
23.06960461
23.08965163
23.1101149
23.13101689
23.15236593
23.17416342
23.19639811
23.21908582
23.24217563
23.26550888
23.2888657
23.31222251
23.33557933
23.35895975
23.38217973
23.40522389
23.42808555
23.45076233
23.47325425
23.49556271
23.51768994
23.53963863
23.56141177
23.58301248
23.60444393
23.62570931
23.64681178
23.66775443
23.68854033
23.70917242
23.7296536
23.74998668
23.77006935
23.7898588
23.80933487
23.82850533
23.84738237
23.8659774
23.88430114
23.90236364
23.92017436
23.93774219
23.95508237
23.97220209
23.98910821
24.00580724
24.02230539
24.03860858
24.05471029
24.07061133
24.08631351
24.10181936
24.1171283
24.13223765
24.14714716
24.16184464
24.17633341
24.19062565
24.20473244
24.2186639
24.23242928
24.24603707
24.25949465
24.27294453
24.28662486
24.30054589
24.31471867
24.32912892
24.34377753
24.35865674
24.37377995
24.38915058
24.40476951
24.42062858
24.4367258
24.45305442
24.4695996
24.48637608
24.50338145
24.52060959
24.53805529
24.55572314
24.5736175
24.5917423
24.61010086
24.62869556
24.64752748
24.66660253
24.68591637
24.70545976
24.72521524
24.74514947
24.76510675
24.78508247
24.80505818
24.8250339
24.84502808
24.86494105
24.88475941
24.90447582
24.9240861
24.94358791
24.96298011
24.98226232
25.00143473
25.02049787
25.03945253
25.05829969
25.07704043
25.09567594
25.11420743
25.13263615
25.15096339
25.16919043
25.18731852
25.20534896
25.22328297
25.24112181
25.25881439
25.27632867
25.29364648
25.31074736
25.32762868
25.3442901
25.36073287
25.37693115
25.39287332
25.40855712
25.4239742
25.43913718
25.45406267
25.46876564
25.48325957
25.49755667
25.51166806
25.52560386
25.53937336
25.55298507
25.56644639
25.57976389
25.59294367
25.60599142
25.61891247
25.6317118
25.6443941
25.65696375
25.6694249
25.68178144
25.69403705
25.7061952
25.71825977
25.730238
25.74213742
25.75396601
25.76572217
25.77740438
25.7890115
25.80054269
25.81199946
25.82338382
25.83469773
25.84594296
25.85712122
25.86823415
25.87928332
25.89027025
25.90119639
25.91206315
25.92287188
25.93362388
25.94432042
25.9549627
25.96555191
25.97608917
25.98657557
25.99701218
26.00740002
26.01774008
26.02803332
26.03828067
26.04848303
26.05864127
26.06875624
26.07882876
26.08885962
26.09884961
26.10879946
26.11870991
26.12858167
26.13841543
26.14821186
26.1579716
26.1676953
26.17738357
26.187037
26.19665619
26.20624171
26.21579411
26.22531393
26.23480169
26.24425792
26.25368311
26.26307775
26.27244232
26.28177729
26.2910831
26.30036021
26.30960905
26.31883004
26.32802359
26.33719011
26.34632999
26.35544363
26.36453136
26.3735935
26.38263038
26.3916423
26.40062958
26.40959251
26.41853139
26.4274465
26.43633813
26.44520655
26.45405205
26.46287488
26.47167531
26.4804536
26.48921001
26.49794478
26.50665815
26.51535037
26.52402167
26.53267229
26.54130245
26.54991238
26.5585023
26.56707243
26.57562297
26.58415415
26.59266615
26.6011592
26.60963348
26.6180892
26.62652654
26.63494569
26.64334686
26.6517302
26.66009592
26.66844419
26.67677517
26.68508906
26.693386
26.70166618
26.70992976
26.7181769
26.72640776
26.7346225
26.74282128
26.75100424
26.75917154
26.76732332
26.77545974
26.78358094
26.79168706
26.79977823
26.80785461
26.81591632
26.82396351
26.83199629
26.84001481
26.84801919
26.85600956
26.86398604
26.87194876
26.87989785
26.88783341
26.89575558
26.90366446
26.91156017
26.91944284
26.92731256
26.93516945
26.94301363
26.95084519
26.95866426
26.96647092
26.97426529
26.98204747
26.98981756
26.99757566
27.00532187
27.0130563
27.02077902
27.02849015
27.03618978
27.04387799
27.05155488
27.05922054
27.06687507
27.07451854
27.08215106
27.0897727
27.09738355
27.10498369
27.11257321
27.1201522
27.12772072
27.13527888
27.14282673
27.15036437
27.15789187
27.16540931
27.17291677
27.18041431
27.18790202
27.19537996
27.20284822
27.21030687
27.21775596
27.22519559
27.23262581
27.24004669
27.24745831
27.25486073
27.26225401
27.26963823
27.27701345
27.28437973
27.29173714
27.29908574
27.3064256
27.31375677
27.32107932
27.32839331
27.3356988
27.34299584
27.3502845
27.35756484
27.36483691
27.37210077
27.37935648
27.38660409
27.39384366
27.40107524
27.4082989
27.41551467
27.42272262
27.42992279
27.43711525
27.44430003
27.4514772
27.45864681
27.4658089
27.47296352
27.48011072
27.48725056
27.49438308
27.50150832
27.50862634
27.51573719
27.5228409
27.52993753
27.53702712
27.54410971
27.55118536
27.5582541
27.56531599
27.57237105
27.57941935
27.58646091
27.59349579
27.60052402
27.60754564
27.6145607
27.62156924
27.6285713
27.63556692
27.64255614
27.64953899
27.65651553
27.66348578
27.67044978
27.67740758
27.68435921
27.69130471
27.69824411
27.70517745
27.71210478
27.71902612
27.72594151
27.73285099
27.73975459
27.74665235
27.7535443
27.76043047
27.76731091
27.77418564
27.7810547
27.78791812
27.79477593
27.80162626
27.80847658
27.81532691
27.82217724
27.82902756
27.83587789
27.84272822
27.84957854
27.85642887
27.8632792
27.87012952
27.87697985
27.88383018
27.8906805
27.89753083
27.90438116
27.91123148
27.91808181
27.92493214
27.93178246
27.93863279
27.94548312
27.95233344
27.95918377
27.9660341
27.97288442
27.97973475
27.98658508
27.9934354
28.00028573
28.00713606
28.01398638
28.02083671
28.02768704
28.03453736
28.04138769
28.04823802
28.05508834
28.06193867
28.068789
28.07563932
28.08248965
28.08933998
28.0961903
28.10304063
28.10989096
28.11674128
28.12359161
28.13044194
28.13729227
28.14414259
28.15099292
28.15784325
28.16469357
28.1715439
28.17839423
28.18524455
28.19209488
28.19894521
28.20579553
28.21264586
28.21949619
28.22634651
28.23319684
28.24004717
28.24689749
28.25374782
28.26059815
28.26744847
28.2742988
28.28114913
28.28799945
28.29484978
28.30170011
28.30855043
28.31540076
28.32225109
28.32910141
28.33595174
28.34280207
28.34965239
28.35650272
28.36335305
28.37020337
28.3770537
28.38390403
28.39075435
28.39760468
28.40445501
28.41130533
28.41815566
28.42500599
28.43185631
28.43870664
28.44555697
28.45240729
28.45925762
28.46610795
28.47295827
28.4798086
28.48665893
28.49350925
28.50035958
28.50720991
28.51406023
28.52091056
28.52776089
28.53461121
28.54146154
28.54831187
28.55516219
28.56201252
28.56886285
28.57571317
28.5825635
28.58941383
28.59626415
28.60311448
28.60996481
28.61681513
28.62366546
28.63051579
28.63736611
28.64421644
28.65106677
28.65791709
28.66476742
28.67161775
28.67846807
28.6853184
28.69216873
28.69901905
28.70586938
28.71271971
28.71957003
28.72650949
28.73349623
28.74053058
28.74761284
28.75474325
28.76192246
28.76915092
28.77642913
28.78375756
28.79113651
28.79856643
28.80604778
28.81358099
28.82116649
28.82880491
28.83649668
28.84424217
28.85204175
28.85989527
28.86780273
28.87576403
28.88377895
28.8918471
28.89996917
28.90814498
28.91637422
28.92465642
28.93299025
28.94137477
28.94980874
28.95829052
28.96681752
28.97538827
28.98400095
28.99265328
29.00134236
29.01006934
29.01883316
29.02763253
29.03646593
29.04532979
29.05422159
29.06313808
29.07207461
29.08101771
29.08996081
29.09890391
29.1078536
29.11679658
29.12573004
29.13465178
29.14356002
29.15245321
29.16133006
29.1701894
29.17903023
29.18785163
29.19665119
29.20542862
29.21418417
29.2229181
29.23163064
29.24032203
29.24899252
29.25764234
29.2662717
29.27488085
29.28346999
29.29203934
29.30058912
29.30911954
29.3176308
29.32612311
29.33459666
29.34305165
29.35155
29.36012345
29.3687735
29.37750532
29.38632057
29.39522096
29.40420829
29.41328438
29.42245117
29.43170521
29.44104648
29.45047365
29.45998245
29.46957677
29.47925657
29.48902135
29.49886994
29.50880126
29.51881504
29.52891071
29.53908728
29.54934736
29.55969468
29.57013295
29.58066595
29.59129752
29.60203159
29.61287216
29.62382334
29.63489148
29.64608266
29.65740281
29.6688578
29.68045584
29.69220432
29.70411017
29.71618014
29.72841966
29.74083494
29.75343254
29.76622551
29.77922149
29.79242871
29.80585594
29.81951265
29.83340898
29.84755592
29.86196533
29.87664308
29.89159997
29.90684847
29.92240215
29.93827514
29.95448468
29.97104907
29.98798816
30.00532611
30.02308842
30.0413013
30.05999556
30.07920553
30.09897033
30.11932734
30.14031276
30.16196899
30.18433038
30.20741574
30.23126089
30.2558852
30.2812967
30.30734955
30.33416589
30.36176312
30.39012344
30.41913027
30.44817147
30.47721267
30.50625387
30.53532953
30.5640915
30.59257849
30.62080948
30.64879492
30.67654209
30.70405702
30.73134519
30.75841174
30.78526159
30.81189947
30.8383299
30.86455728
30.89058581
30.91641958
30.94206252
30.96751843
30.99279099
31.01788374
31.04280012
31.06754347
31.092117
31.11652384
31.140767
31.16484943
31.18877396
31.21254335
31.23616028
31.25945935
31.28238374
31.30490962
31.32702932
31.34874408
31.37006038
31.39098208
31.41149212
31.43158815
31.45127576
31.47056495
31.48944995
31.50793757
31.52602233
31.54371872
31.56104279
31.57801033
31.59463619
31.6109353
31.62692099
31.64261284
31.6580318
31.67319652
31.68812366
31.70282816
31.71732354
31.731622
31.74573468
31.7596717
31.77344235
31.78705515
31.80051753
31.81383603
31.82701677
31.84006544
31.85298737
31.86578756
31.87847067
31.89104111
31.90350302
31.91586029
31.92811661
31.94027544
31.95234009
31.96431367
31.97619912
31.98799925
31.99971674
32.01135411
32.02291377
32.03439803
32.04580909
32.05714901
32.06841961
32.0796226
32.09075967
32.10183239
32.11284232
32.12379092
32.13467962
32.1455098
32.15628277
32.16699981
32.17766216
32.18827099
32.19882745
32.20933266
32.21978769
32.23019357
32.2405513
32.25086186
32.26112618
32.27134519
32.28151975
32.29165073
32.30173896
32.31178524
32.32179035
32.33175506
32.34168009
32.35156618
32.361414
32.37122425
32.38099757
32.39073462
32.400436
32.41010234
32.41973421
32.4293322
32.43889686
32.44842874
32.45792838
32.46739629
32.47683297
32.48623893
32.49561464
32.50496057
32.51427719
32.52356494
32.53282425
32.54205555
32.55125927
32.56043581
32.56958556
32.57870892
32.58780626
32.59687788
32.60592413
32.61494531
32.62394172
32.63291368
32.64186148
32.6507854
32.65968574
32.66856277
32.67741676
32.686248
32.69505674
32.70384324
32.71260777
32.72135056
32.73007187
32.73877193
32.74745099
32.75610928
32.76474703
32.77336447
32.78196181
32.79053928
32.79909709
32.80763545
32.81615456
32.82465464
32.83313589
32.84159849
32.85004265
32.85846855
32.86687639
32.87526635
32.88363861
32.89199335
32.90033074
32.90865097
32.9169542
32.92524061
32.93351034
32.94176358
32.95000049
32.95822121
32.96642591
32.97461473
32.98278785
32.99094539
32.99908751
33.00721436
33.01532607
33.02342279
33.03150466
33.03957182
33.04762439
33.05566252
33.06368633
33.07169596
33.07969153
33.08767317
33.095641
33.10359514
33.11153573
33.11946286
33.12737668
33.13527728
33.14316479
33.15103931
33.15890097
33.16674987
33.17458611
33.18240982
33.19022108
33.19802002
33.20580672
33.2135813
33.22134385
33.22909448
33.23683328
33.24456035
33.25227578
33.25997968
33.26767212
33.27535322
33.28302305
33.29068171
33.29832929
33.30596587
33.31359155
33.32120641
33.32881052
33.33640399
33.34398689
33.3515593
33.3591213
33.36667298
33.37421442
33.38174568
33.38926686
33.39677802
33.40427924
33.4117706
33.41925217
33.42672403
33.43418624
33.44163889
33.44908203
33.45651574
33.46394009
33.47135515
33.47876098
33.48615766
33.49354525
33.50092381
33.50829341
33.51565411
33.52300599
33.53034909
33.53768349
33.54500924
33.55232641
33.55963505
33.56693523
33.57422701
33.58151043
33.58878558
33.59605249
33.60331122
33.61056184
33.6178044
33.62503895
33.63226554
33.63948424
33.6466951
33.65389816
33.66109348
33.66828112
33.67546112
33.68263353
33.68979841
33.6969558
33.70410576
33.71124834
33.71838357
33.72551152
33.73263222
33.73974573
33.7468521
33.75395136
33.76104356
33.76812875
33.77520698
33.78227829
33.78934272
33.79640032
33.80345113
33.81049519
33.81753255
33.82456325
33.83158733
33.83860483
33.84561579
33.85262026
33.85961827
33.86660987
33.87359509
33.88057397
33.88754655
33.89451288
33.90147298
33.9084269
33.91537468
33.92231634
33.92925194
33.9361815
33.94310506
33.95002267
33.95693434
33.96384012
33.97074005
33.97763416
33.98452248
33.99140505
33.9982819
34.00515307
34.01201858
34.01887848
34.02573279
34.03258312
34.03943344
34.04628377
34.0531341
34.05998442
34.06683475
34.07368508
34.0805354
34.08738573
34.09423606
34.10108638
34.10793671
34.11478704
34.12163736
34.12848769
34.13533802
34.14218834
34.14903867
34.155889
34.16273932
34.16958965
34.17643998
34.1832903
34.19014063
34.19699096
34.20384128
34.21069161
34.21754194
34.22439226
34.23124259
34.23809292
34.24494324
34.25179357
34.2586439
34.26549422
34.27234455
34.27919488
34.2860452
34.29289553
34.29974586
34.30659618
34.31344651
34.32029684
34.32714716
34.33399749
34.34084782
34.34769814
34.35454847
34.3613988
34.36824912
34.37509945
34.38194978
34.3888001
34.39565043
34.40250076
34.40941619
34.41638372
34.42340396
34.43047766
34.43760557
34.4447885
34.45202724
34.45932261
34.46667544
34.4740866
34.48155699
34.48908751
34.49667911
34.50433273
34.51204937
34.51983002
34.52767576
34.53558767
34.54356684
34.55161442
34.55973156
34.56791946
34.57617933
34.58451245
34.59292015
34.60140376
34.60996469
34.61860435
34.62732422
34.63612578
34.6450106
34.65398029
34.66303654
34.67218105
34.6814156
34.69074199
34.70016209
34.70967783
34.71929118
34.72900417
34.73881886
34.74873741
34.75876203
34.76889495
34.77913844
34.78949479
34.79996626
34.81055549
34.82126489
34.83209685
34.84305369
34.85413759
34.86535046
34.87669554
34.88817516
34.89979146
34.91154626
34.92344083
34.93547552
34.94765227
34.95997266
34.97243781
34.98504814
34.99780293
35.01070259
35.02374674
35.03693385
35.05026081
35.06372224
35.07732435
35.09106445
35.10493813
35.11893848
35.13305477
35.14727692
35.16159772
35.17600662
35.19048679
35.20497872
35.21947065
35.23396258
35.2484663
35.26293115
35.27734533
35.29170087
35.30599193
35.32021411
35.33436402
35.34843906
35.36243721
35.37635693
35.39017919
35.40389283
35.41749041
35.430967
35.44431937
35.45754793
35.47065151
35.48362969
35.49648392
35.50921902
35.5218395
35.53434962
35.54675339
35.55905458
35.57125675
35.58336327
35.59537735
35.60730199
35.61914008
35.63089434
35.64256736
35.65416161
35.66567943
35.67712308
35.68849469
35.69979616
35.71102927
35.72219571
35.73329711
35.74433502
35.75531095
35.76622635
35.77708261
35.78788109
35.79862306
35.80930979
35.81994248
35.8305223
35.84105037
35.85152778
35.86195558
35.87233478
35.88266639
35.89295134
35.90319056
35.91338496
35.92353538
35.93364269
35.94370769
35.95373117
35.96371391
35.97365665
35.98356012
35.99342502
36.00325205
36.01304185
36.02279509
36.0325124
36.04219438
36.05184164
36.06145476
36.0710343
36.08058083
36.09009486
36.09957694
36.10902757
36.11844725
36.12783647
36.13719571
36.14652542
36.15582606
36.16509807
36.17434189
36.18355793
36.19274661
36.20190833
36.21104348
36.22015246
36.22923558
36.23829318
36.24732557
36.25633306
36.26531595
36.27427456
36.28327222
36.29234484
36.30149417
36.310722
36.32003022
36.32942075
36.3388956
36.34845685
36.35810666
36.36784727
36.3776808
36.3876095
36.39763574
36.40776197
36.41799076
36.42832479
36.43876685
36.44931989
36.45998697
36.4707713
36.48167627
36.49270479
36.50385996
36.51514503
36.52656336
36.53811847
36.54981404
36.56165392
36.57364169
36.58578098
36.5980755
36.61052898
36.62314465
36.63592683
36.64887992
36.66200841
36.67531688
36.68880772
36.70248372
36.71634686
36.73039798
36.74463615
36.75905775
36.77367329
36.78848484
36.80349351
36.81869906
36.83409928
36.84970125
36.86551006
36.88153077
36.89776845
36.91422803
36.93091819
36.94784466
36.96501297
36.98242835
37.00007411
37.01794823
37.03604547
37.05435568
37.07286067
37.09157171
37.11049143
37.12962172
37.14896333
37.16851542
37.1882747
37.20823412
37.22838038
37.24868799
37.26901452
37.28934106
37.30966759
37.33001309
37.35018647
37.37017482
37.38997076
37.40957036
37.42897207
37.44817588
37.46718296
37.48599524
37.50461524
37.52304586
37.54129025
37.55935177
37.57723388
37.59494007
37.61247389
37.62983884
37.64703843
37.66407607
37.68095515
37.69763782
37.7141083
37.7303585
37.74638499
37.76215917
37.77767443
37.79293219
37.80794634
37.82273246
37.83730455
37.8516753
37.86585622
37.87985781
37.89368964
37.90736053
37.9208784
37.93454875
37.94836871
37.96233302
37.976433
37.99065432
38.00498887
38.01942904
38.03396356
38.04857426
38.06319686
38.07781946
38.09244207
38.10707659
38.12164946
38.13615012
38.15057105
38.16490671
38.17915295
38.19330666
38.20736554
38.22132793
38.23519265
38.24895896
38.26262643
38.27619494
38.28966456
38.30302019
38.31625308
38.32935789
38.34233372
38.35518569
38.36791861
38.38053701
38.39304511
38.40544694
38.41774625
38.42994661
38.44205139
38.45406377
38.46598678
38.47782329
38.48957601
38.50124754
38.51284035
38.52435678
38.53579906
38.54716935
38.55846954
38.56970139
38.58086661
38.59196681
38.60300355
38.61397834
38.62489263
38.63574781
38.64654522
38.65728616
38.66797187
38.67860357
38.68918242
38.69970953
38.71018601
38.7206129
38.73099121
38.74132194
38.75160603
38.76184441
38.77203798
38.7821876
38.79229411
38.80235833
38.81238105
38.82236304
38.83230504
38.84220779
38.85207198
38.8618983
38.87168742
38.88143999
38.89115663
38.90083797
38.91048459
38.92009708
38.929676
38.93922191
38.94873535
38.95821684
38.96766689
38.977086
38.98647466
38.99583334
39.00516251
39.01446261
39.02373409
39.03297739
39.04219292
39.0513811
39.06054232
39.06967698
39.07878547
39.08786812
39.09692524
39.10595717
39.1149642
39.12394664
39.13290479
39.14183895
39.1507494
39.15963642
39.16850029
39.17734129
39.18615968
39.19495571
39.20372966
39.21248177
39.22121229
39.22992146
39.23860953
39.24727673
39.25592329
39.26454944
39.27315539
39.28174139
39.29030762
39.29885432
39.30738169
39.31588994
39.32437926
39.33284986
39.34130193
39.34973566
39.35815125
39.36654887
39.37492872
39.38329098
39.39163582
39.39996341
39.40827393
39.41656755
39.42484444
39.43310476
39.44134867
39.44957633
39.4577879
39.46598354
39.47416339
39.48232762
39.49047635
39.49860975
39.50672796
39.51483111
39.52291936
39.53099282
39.53905165
39.54709598
39.55512594
39.56324306
39.57143174
39.57969331
39.5880291
39.59644052
39.60492901
39.61349608
39.62214325
39.63087214
39.63968439
39.64858173
39.65756593
39.66663885
39.67580238
39.68505852
39.69440934
39.70385698
39.71340367
39.72305175
39.73280363
39.74266184
39.75262901
39.7627079
39.77290095
39.78321108
39.79364134
39.80419487
39.81487493
39.82568487
39.83662837
39.84770923
39.85893139
39.87029899
39.88181629
39.89348774
39.90531786
39.91731163
39.92947427
39.94181123
39.95432813
39.96703082
39.97992574
39.99301957
40.00631928
40.01983206
40.03356527
40.04752633
40.06172529
40.07617126
40.09087365
40.10584201
40.12108584
40.13661544
40.15244122
40.16857306
40.18501952
40.20178144
40.2188652
40.23627335
40.25400145
40.27204733
40.2903968
40.30901457
40.32780724
40.34683834
40.36610382
40.385595
40.40529558
40.42517474
40.44515267
40.46514906
40.48514546
40.50514185
40.52515674
40.54509706
40.5649522
40.58471648
40.60438677
40.62396143
40.64343972
40.66282154
40.68210715
40.7012971
40.72039209
40.73939298
40.75830066
40.77711612
40.79584033
40.81447432
40.83301909
40.85147566
40.86984503
40.8881282
40.90632617
40.92443989
40.94247033
40.96041843
40.97828512
40.99602505
41.01361519
41.0310414
41.04829476
41.06536982
41.08226349
41.09896908
41.11547518
41.13177555
41.1478719
41.16376323
41.17945019
41.19492686
41.21019041
41.22523705
41.24007425
41.25470907
41.2691482
41.28339697
41.29746269
41.31135527
41.32508378
41.33865656
41.35208068
41.36536256
41.3785082
41.39152321
41.40441282
41.41718193
41.42983514
41.4423768
41.45481096
41.46714146
41.47937195
41.49150583
41.50354635
41.51549658
41.52735945
41.5391377
41.55083398
41.56245079
41.57399051
41.58545541
41.59684765
41.60816925
41.61942198
41.63060755
41.64172761
41.65278375
41.66377747
41.67471025
41.6855835
41.69639857
41.70715677
41.71785937
41.72850758
41.73910259
41.74964553
41.76013749
41.77057955
41.78097272
41.79131801
41.80161637
41.81186874
41.82207602
41.83223909
41.8423588
41.85243596
41.86247138
41.87246584
41.88242009
41.89233485
41.90221085
41.91204877
41.92184929
41.93161305
41.94134069
41.95103284
41.9606901
41.97031304
41.97990225
41.98945827
41.99898166
42.00847294
42.01793262
42.02736121
42.0367592
42.04612707
42.05546528
42.06477429
42.07405455
42.08330649
42.09253053
42.10172709
42.11089657
42.12003938
42.12915589
42.13824646
42.14731141
42.15635106
42.16536573
42.17435571
42.18332131
42.19226282
42.20118054
42.21007475
42.21894572
42.22779373
42.23661905
42.24542195
42.25420267
42.26296148
42.27169862
42.28041434
42.28910888
42.29778248
42.30643537
42.31506778
42.32367993
42.33227205
42.34084435
42.34941174
42.35800814
42.36663226
42.37528256
42.38395794
42.39265798
42.40138226
42.41013027
42.41890143
42.42769507
42.43651042
42.44534656
42.45420241
42.46307663
42.47196749
42.48087253
42.48978413
42.49869572
42.50760732
42.51652547
42.5254418
42.53435408
42.54326062
42.55216011
42.5610514
42.56993356
42.57880572
42.58766716
42.59651721
42.60535528
42.61418083
42.62299337
42.63179248
42.64057773
42.64934877
42.65810526
42.66684688
42.67557335
42.68428442
42.69297811
42.70165306
42.71030807
42.71894258
42.72755681
42.73615098
42.74472531
42.75328001
42.76181529
42.77033137
42.77882844
42.78730671
42.79576637
42.80420761
42.81263064
42.82103562
42.82942275
42.83779221
42.84614419
42.85447884
42.86279636
42.8710969
42.87938065
42.88764775
42.89589839
42.90418837
42.91253609
42.9209443
42.92941559
42.93795239
42.94655705
42.95523185
42.96397902
42.9728016
42.98170241
42.99068407
42.9997491
43.00889995
43.01813902
43.02746874
43.03689237
43.04641278
43.05603269
43.06575475
43.07558163
43.08551607
43.09556083
43.10571875
43.11599279
43.12638601
43.13690167
43.14754315
43.15831401
43.16921818
43.18025948
43.19144186
43.20276933
43.21424579
43.22587419
43.23765918
43.2496053
43.2617171
43.27399906
43.28645536
43.29908962
43.31190695
43.32491245
43.33811103
43.35150723
43.36510757
43.37891845
43.39294631
43.4071976
43.42167711
43.43639165
43.45134786
43.46655198
43.48200946
43.49773681
43.51374329
43.53003811
43.54662647
43.56352196
43.58073929
43.59829433
43.61621035
43.63450685
43.65320514
43.67232453
43.69188914
43.71192521
43.73245678
43.75351248
43.77512244
43.79731298
43.82010995
43.84353344
43.86759176
43.89224788
43.91735533
43.94303824
43.96932368
43.99623618
44.02379343
44.05199735
44.08081176
44.10966012
44.13850849
44.16735686
44.19623927
44.22486883
44.25307896
44.280832
44.30812082
44.33495106
44.36133427
44.38728472
44.41281773
44.43794885
44.46269333
44.48706593
44.51108077
44.53473551
44.55801714
44.58092298
44.60345626
44.62562372
44.64743416
44.66889749
44.68994882
44.71057502
44.73077632
44.75057601
44.76998249
44.78900689
44.80766734
44.82597618
44.84394607
44.86159241
44.8789273
44.89595521
44.91268908
44.92914107
44.94532316
44.96124631
44.97692078
44.99235619
45.00756542
45.0225567
45.03733778
45.05191657
45.06630153
45.08050055
45.09452095
45.10837062
45.12205842
45.13559246
45.14897952
45.16222593
45.17533758
45.18832002
45.2011804
45.21392562
45.22656248
45.23909764
45.25153712
45.26388728
45.27615445
45.28843867
45.30081132
45.31326846
45.32580688
45.33842225
45.35110871
45.36385797
45.37667507
45.38955865
45.40250692
45.41551758
45.42858761
45.44171299
45.45488814
45.46810455
45.48133143
45.4945583
45.50778517
45.52102253
45.53423069
45.54739215
45.56049604
45.5735347
45.58650239
45.5994018
45.61223309
45.62499647
45.63769221
45.65032063
45.66288209
45.67537697
45.68780568
45.70016868
45.71246642
45.72469938
45.73686103
45.748946
45.76095033
45.77287108
45.78470609
45.79645736
45.80812749
45.81971894
45.83123404
45.84267504
45.85404408
45.86534305
45.87657373
45.88773779
45.89883686
45.9098725
45.92084622
45.93175946
45.94261361
45.95341002
45.96414997
45.97483473
45.98546549
45.99604341
46.00656963
46.01704523
46.02747125
46.03784872
46.04817862
46.0584619
46.06869949
46.07889228
46.08904113
46.09914689
46.10921038
46.11923237
46.12921365
46.13915496
46.14905703
46.15892055
46.16874621
46.17853469
46.18828662
46.19800263
46.20768335
46.21732937
46.22694126
46.2365196
46.24606494
46.25557781
46.26505874
46.27450825
46.28392682
46.29331494
46.3026731
46.31200176
46.32130135
46.33057234
46.33981514
46.34903019
46.35821789
46.36737864
46.37651284
46.38562087
46.39470307
46.40375975
46.41279124
46.42179783
46.43077985
46.43973757
46.44867131
46.45758135
46.46646796
46.47533143
46.48417203
46.49299002
46.50178567
46.51055923
46.51931096
46.5280411
46.5367499
46.5454376
46.55410443
46.56275063
46.57137642
46.57998203
46.58856767
46.59713357
46.60567993
46.61420696
46.62271487
46.63120386
46.63967413
46.64812588
46.65655929
46.66497456
46.67337187
46.68175141
46.69011336
46.69845789
46.70678519
46.71509541
46.72338874
46.73166533
46.73992536
46.74816898
46.75639636
46.76460765
46.77280301
46.78098259
46.78914654
46.79729501
46.80542814
46.81354608
46.82164897
46.82973695
46.83781016
46.84586874
46.85391281
46.86194251
46.86995798
46.87795933
46.8859467
46.89392022
46.90187999
46.90982616
46.91775883
46.92567813
46.93358417
46.94147707
46.94935694
46.95722389
46.96507804
46.97291949
46.98074836
46.98856474
46.99636875
47.00416049
47.01194006
47.01970756
47.0274631
47.03520677
47.04293866
47.05065889
47.05836753
47.06606469
47.07375046
47.08142493
47.08908819
47.09674033
47.10438144
47.11201161
47.11963092
47.12723945
47.13483731
47.14242456
47.15000128
47.15756757
47.1651235
47.17266915
47.1802046
47.18772993
47.19524522
47.20275053
47.21024595
47.21773156
47.22520741
47.2326736
47.24013018
47.24757723
47.25501483
47.26249812
47.27003798
47.27763533
47.28529114
47.2930064
47.30078212
47.3086194
47.31651937
47.3244832
47.33251207
47.34060722
47.34876989
47.35700125
47.36530253
47.37367501
47.38212003
47.39063894
47.39923317
47.40790416
47.41665345
47.42548258
47.43439297
47.44338604
47.4524633
47.46162626
47.47087646
47.48021566
47.48964553
47.4991678
47.50878423
47.51849662
47.52830706
47.53821745
47.54822972
47.55834584
47.5685677
47.57889762
47.589338
47.59989134
47.6105602
47.62134765
47.63225649
47.64328959
47.65444996
47.66574026
47.6771636
47.68872318
47.70042228
47.71226427
47.72425312
47.73639294
47.74868806
47.76114206
47.7737587
47.78654172
47.79949478
47.812622
47.82592804
47.83941767
47.85309569
47.86696747
47.88103791
47.89531181
47.90979377
47.92448866
47.93940008
47.95453072
47.96988187
47.98546324
48.00128215
48.0173461
48.0336628
48.05024519
48.06710233
48.08424341
48.10166804
48.11938281
48.13739331
48.15570346
48.17432742
48.19326436
48.2125074
48.23205004
48.2518987
48.27205847
48.29253236
48.31332009
48.3344161
48.35582101
48.37754245
48.39958696
48.42195916
48.44466049
48.46768697
48.49102488
48.51464063
48.53828041
48.5619202
48.58555998
48.60922384
48.63270668
48.65600677
48.67912466
48.70206216
48.72482173
48.74740621
48.76981865
48.79206216
48.81413985
48.83605482
48.85781012
48.87940871
48.90085351
48.92214732
48.94329291
48.96429294
48.98514999
49.00586658
49.02644516
49.0468881
49.0671977
49.0873468
49.10732281
49.12711844
49.14672975
49.16615499
49.18539393
49.20444743
49.2233171
49.24200509
49.26051392
49.2788464
49.29697903
49.31489517
49.33258553
49.35004548
49.36727932
49.38428767
49.40107254
49.41763688
49.43398382
49.45011782
49.46604357
49.48176585
49.49728093
49.51258899
49.52769169
49.54259177
49.55729202
49.5717968
49.58611064
49.60023815
49.61418921
49.62797317
49.64159861
49.65507306
49.66840312
49.68159494
49.69465423
49.70758636
49.72039634
49.73308888
49.7456684
49.75813905
49.77050476
49.78276922
49.79493592
49.80700817
49.81898909
49.83088166
49.84268869
49.85441285
49.86605669
49.87762264
49.889113
49.90052997
49.91187567
49.92315189
49.93436037
49.94550278
49.95658073
49.96759575
49.97854934
49.9894429
50.00027783
50.01105545
50.02177704
50.03244382
50.043057
50.05361772
50.0641271
50.07458621
50.08499608
50.09535773
50.10567212
50.11594021
50.1261629
50.13634108
50.1464756
50.15656731
50.166617
50.17662546
50.18659346
50.19652172
50.20641098
50.21626192
50.22607522
50.23585156
50.24559155
50.25529584
50.26496503
50.27459971
50.28420046
50.29376783
50.30330239
50.31280465
50.32227514
50.33171437
50.34112284
50.35050101
50.35984937
50.36916838
50.37845847
50.3877201
50.39695369
50.40615966
50.41533841
50.42449035
50.43361586
50.44271532
50.45178905
50.46083737
50.46986059
50.47885903
50.48783298
50.49678275
50.50570862
50.51461088
50.52348982
50.53234569
50.54117879
50.54998937
50.55877769
50.567544
50.57628857
50.58501163
50.59371343
50.60239421
50.6110542
50.61969363
50.62831272
50.6369117
50.6454908
50.65405021
50.66259016
50.67111085
50.67961248
50.68809526
50.69655939
50.70500505
50.71343245
50.72184176
50.73023318
50.73860689
50.74696306
50.75530187
50.76362351
50.77192813
50.7802159
50.78848701
50.79674159
50.80497983
50.81320188
50.82140788
50.82959801
50.83777241
50.84593122
50.8540746
50.8622027
50.87031565
50.8784136
50.88649668
50.89456504
50.9026188
50.91065811
50.9186831
50.92669388
50.9346906
50.94267338
50.95064234
50.9585976
50.96653929
50.97446753
50.98238244
50.99028412
50.9981727
51.00604828
51.01391099
51.02176093
51.02959821
51.03742294
51.04523523
51.05303517
51.06082287
51.06859844
51.07636198
51.08411358
51.09185335
51.09958138
51.10729776
51.1150026
51.12269599
51.13037801
51.13804876
51.14570834
51.15335682
51.16099431
51.16862088
51.17623662
51.18384161
51.19143595
51.19901971
51.20659298
51.21415584
51.22170836
51.22925063
51.23678273
51.24430473
51.25181671
51.25931875
51.26681091
51.27429329
51.28176594
51.28922894
51.29668237
51.30412629
51.31156077
51.31898589
51.3264017
51.33380829
51.34120572
51.34859405
51.35597335
51.36334368
51.37070512
51.37805771
51.38540153
51.39273664
51.4000631
51.40738097
51.41469031
51.42199119
51.42928365
51.43656776
51.44384358
51.45111116
51.45837057
51.46562185
51.47286507
51.48010027
51.48732752
51.49454687
51.50175836
51.50896206
51.51615802
51.52334628
51.53052691
51.53769994
51.54486544
51.55202345
51.55917402
51.56631719
51.57345303
51.58058157
51.58770287
51.59481697
51.60192392
51.60902376
51.61611654
51.62320231
51.63028111
51.63735298
51.64441797
51.65147613
51.6585275
51.66557211
51.67261002
51.67964127
51.68666589
51.69368392
51.70069542
51.70770042
51.71469896
51.72169108
51.72867682
51.73565622
51.74262932
51.74959616
51.75655677
51.7635112
51.77045948
51.77740165
51.78433774
51.79126779
51.79819185
51.80510994
51.8120221
51.81892836
51.82582877
51.83272336
51.83961215
51.84649519
51.85337251
51.86024414
51.86711012
51.87397048
51.8808208
51.88767113
51.89452146
51.90137178
51.90822211
51.91507244
51.92192276
51.92886407
51.93585721
51.94290291
51.9500019
51.95715493
51.96436276
51.97162617
51.97894596
51.98632294
51.99375798
52.00125192
52.00880565
52.01642009
52.02409621
52.03183498
52.03963743
52.04750458
52.05543753
52.06343744
52.07150553
52.07964306
52.08785131
52.09613162
52.10448535
52.11291391
52.12141877
52.13000144
52.13866347
52.14740648
52.15623229
52.16514271
52.17413964
52.18322499
52.19240075
52.20166896
52.21103163
52.22049093
52.23004908
52.23970841
52.24947135
52.25934088
52.26931966
52.27941045
52.28961614
52.29993975
52.31038442
52.32095349
52.33165041
52.34247884
52.35344259
52.36454447
52.37578831
52.38717801
52.39871739
52.41041116
52.42226386
52.43428011
52.44646451
52.45882145
52.4713571
52.48407697
52.49698662
52.51009154
52.52339722
52.53690997
52.55063613
52.56458184
52.57875376
52.59315917
52.60780531
52.62269912
52.63784813
52.65326013
52.66894247
52.68490153
52.70114693
52.71768742
52.73453106
52.7516846
52.76916785
52.78699744
52.80519147
52.82374757
52.8426628
52.86192131
52.88148061
52.90138349
52.92164709
52.94229021
52.96333351
52.98479987
53.00671475
53.02910666
53.05197025
53.0752432
53.09853962
53.12183604
53.14513245
53.16845238
53.19172723
53.2148325
53.23773856
53.26043173
53.28290585
53.30515895
53.32719155
53.34900573
53.37060454
53.39199163
53.41317101
53.43414687
53.4549235
53.47550523
53.49585687
53.51596716
53.53583053
53.55544504
53.57481126
53.59393139
53.61280878
53.63142741
53.64978065
53.66786648
53.68568587
53.70322982
53.72049216
53.73747243
53.75417366
53.77059979
53.78675359
53.8026402
53.81826618
53.83363606
53.84875539
53.86364004
53.87830468
53.89276255
53.90702566
53.92110493
53.93501034
53.94875102
53.96233535
53.97577052
53.98906297
54.00221875
54.01524349
54.02814243
54.04092052
54.05358237
54.06613234
54.07857452
54.09091276
54.10315071
54.11529181
54.1273393
54.13929628
54.15116568
54.16295026
54.17465267
54.18627542
54.19782091
54.2092914
54.22068909
54.23201599
54.24327388
54.25446449
54.26558947
54.27665041
54.28764882
54.29858617
54.30946389
54.32028333
54.3310458
54.34175258
54.35240488
54.36300389
54.37355074
54.38404654
54.39449235
54.4048892
54.41523808
54.42553997
54.4357958
54.44600648
54.45617287
54.46629584
54.4763762
54.48641477
54.49641231
54.50636958
54.51628732
54.52616624
54.53600703
54.54581036
54.55557689
54.56530725
54.57500207
54.58466195
54.59428748
54.60387923
54.61343776
54.6229636
54.6324573
54.64191936
54.6513503
54.66075059
54.67012073
54.67946118
54.68877239
54.69805482
54.70730889
54.71653503
54.72573366
54.73490519
54.74405001
54.7531685
54.76226103
54.77132791
54.78036947
54.78938602
54.79837787
54.80734531
54.81628864
54.82520816
54.83410414
54.84297687
54.85182661
54.86065364
54.86945823
54.87824063
54.88700109
54.89573986
54.9044572
54.91315334
54.92182853
54.93048298
54.93911693
54.94773062
54.95632425
54.96489804
54.97345222
54.98198698
54.99050254
54.9989991
55.00747687
55.01593602
55.02437677
55.0327993
55.0412038
55.04959045
55.05795944
55.06631094
55.07464513
55.08296219
55.09126228
55.09954557
55.10781223
55.11606242
55.1242963
55.13251403
55.14071576
55.14890166
55.15707186
55.16522653
55.1733658
55.18148982
55.18959873
55.19769268
55.2057718
55.21383624
55.22188611
55.22992157
55.23794274
55.24594974
55.25394271
55.26192177
55.26988704
55.27783866
55.28577673
55.29370138
55.30161273
55.30951089
55.31739597
55.3252681
55.33312737
55.34097391
55.34880781
55.3566292
55.36443816
55.37223481
55.38001926
55.38779159
55.39555192
55.40330034
55.41103695
55.41876185
55.42654981
55.43440353
55.44232415
55.45031283
55.45837076
55.46649919
55.4746994
55.48297252
55.49131993
55.49974302
55.50824323
55.51682206
55.52548106
55.53422183
55.54304603
55.55195539
55.56095169
55.57003678
55.57921276
55.58848162
55.59784545
55.60730639
55.6168667
55.62652872
55.63629487
55.6461677
55.65614987
55.66624412
55.67645337
55.68678062
55.69722905
55.70780197
55.71850285
55.72933536
55.74030331
55.75141074
55.76266191
55.77406128
55.78561357
55.79732379
55.8091972
55.82123941
55.83345635
55.84585432
55.85844003
55.87121968
55.88420051
55.89739003
55.91079571
55.92442663
55.93829184
55.95240077
55.96676292
55.98138726
55.99628458
56.01146571
56.02694101
56.04271916
56.05881803
56.07525084
56.09203002
56.10916586
56.1266672
56.14454731
56.16281742
56.18148447
56.20055951
56.22005034
56.2399574
56.26026695
56.28099533
56.30214666
56.32371655
56.34567799
56.36804932
56.39085007
56.41410099
56.43782401
56.4620421
56.48677888
56.51205805
56.53795136
56.56449019
56.59170359
56.61961355
56.64822508
56.67750096
56.7068118
56.73612265
56.76543349
56.79477939
56.82370973
56.85222801
56.88034409
56.90807027
56.93541952
56.96240481
56.98903873
57.01533333
57.0413001
57.06694993
57.09229318
57.11733963
57.14209859
57.16657888
57.19078886
57.21473649
57.23827864
57.26137669
57.28401791
57.30620289
57.32793955
57.34926239
57.37017932
57.39070108
57.41083993
57.43057791
57.44991979
57.46887482
57.48748086
57.50575572
57.52371561
57.54137541
57.55874874
57.57584861
57.59268683
57.60927436
57.62562132
57.64173715
57.65762479
57.67328887
57.6887344
57.70396885
57.71899759
57.73382599
57.74845539
57.76288801
57.7771273
57.79118407
57.80506817
57.81878863
57.83235377
57.84577058
57.85904547
57.87218441
57.88519299
57.89807641
57.91083959
57.92348709
57.93602324
57.94845209
57.96077748
57.97300302
57.98513213
57.99716804
58.00911381
58.02097235
58.03274642
58.04443865
58.05605152
58.06758742
58.07904861
58.09043726
58.10175534
58.11300465
58.12418689
58.1353037
58.14635665
58.15734727
58.16827702
58.17914731
58.18995949
58.20071486
58.21141469
58.2220602
58.23265256
58.24319291
58.25368234
58.26412191
58.27451265
58.28485555
58.29515158
58.30540166
58.31560669
58.32576756
58.3358851
58.34596015
58.35599349
58.36598591
58.37593815
58.38585095
58.39572501
58.40556103
58.41535968
58.42512161
58.43484745
58.44453783
58.45419334
58.46381458
58.4734021
58.48295647
58.49247823
58.5019679
58.51142601
58.52085305
58.53024951
58.53961588
58.54895261
58.55826016
58.56753898
58.5767895
58.58601215
58.59520734
58.60437547
58.61351695
58.62263215
58.63172142
58.64078509
58.64982348
58.65883689
58.66782564
58.67679002
58.68573033
58.69464686
58.70353989
58.7124097
58.72125657
58.73008075
58.73888252
58.74766214
58.75641985
58.76515591
58.77387056
58.78256404
58.79123659
58.79988845
58.80851983
58.81713097
58.82572208
58.83429339
58.8428451
58.85137743
58.85989059
58.86838476
58.87686017
58.88531699
58.89375543
58.90217567
58.91057791
58.91896232
58.92732909
58.9356784
58.94401042
58.95232532
58.96062328
58.96890447
58.97730605
58.98578067
58.99432952
59.00295378
59.01165462
59.02043325
59.02929089
59.03822877
59.04724812
59.05635031
59.06553673
59.07480879
59.0841679
59.0936155
59.10315315
59.11278231
59.12250441
59.13232087
59.14223307
59.15224257
59.16235061
59.17255834
59.18286671
59.19327587
59.20378711
59.21440163
59.22512051
59.23594466
59.24687653
59.25791688
59.26906617
59.28032448
59.29168962
59.30315995
59.31473267
59.32640341
59.3381701
59.35003271
59.36199102
59.37404445
59.3861868
59.39840815
59.41069235
59.4229861
59.43527985
59.4475736
59.45987692
59.4721607
59.48441464
59.49663185
59.50880721
59.52093672
59.53301717
59.54504596
59.55701633
59.56892353
59.58076392
59.59253466
59.60422365
59.61583338
59.62736624
59.63882448
59.65021026
59.66152555
59.67277213
59.68395171
59.69506593
59.70611635
59.7171045
59.72803184
59.73889976
59.74970963
59.76046275
59.77116038
59.78180374
59.79239399
59.80293227
59.81341967
59.82385726
59.83424607
59.84458707
59.85499795
59.86550672
59.87611313
59.88681637
59.89761485
59.90850624
59.91949038
59.93056676
59.94173451
59.95299223
59.96434071
59.975778
59.98730128
59.99890663
60.0105886
60.02234792
60.03418285
60.0460911
60.05806973
60.07011484
60.0822243
60.09439238
60.10661091
60.11886654
60.13113169
60.14339685
60.155662
60.1679367
60.1802016
60.19245143
60.20468258
60.21689237
60.22907866
60.24123975
60.25337422
60.26548089
60.27755878
60.28960704
60.30162499
60.31361202
60.32556764
60.33749141
60.34938298
60.36124206
60.3730684
60.38486181
60.39662211
60.40834919
60.42003759
60.43168224
60.44327916
60.45482517
60.46631769
60.47775338
60.48913057
60.50044793
60.51170436
60.52289901
60.53403071
60.54509891
60.55610442
60.56704871
60.5779332
60.58878796
60.59971665
60.61072071
60.6218017
60.6329612
60.64420088
60.65552249
60.66692601
60.67841139
60.68997844
60.70162677
60.71335574
60.72516468
60.7370524
60.7490173
60.76105729
60.77316962
60.78535083
60.79759603
60.80989852
60.82224846
60.83462659
60.84703685
60.85947953
60.87195494
60.88446342
60.89700536
60.9095812
60.9221914
60.93483652
60.94751717
60.96023405
60.97298796
60.9857798
60.99861059
61.0114815
61.02439382
61.03734902
61.05034875
61.06339482
61.07648925
61.08963426
61.10283228
61.11608597
61.1293982
61.14277208
61.15621099
61.16971852
61.18329855
61.19695522
61.21069297
61.2245131
61.23841721
61.25240696
61.26648415
61.28065067
61.29490857
61.30926
61.32370732
61.33825303
61.35289984
61.36765068
61.38250872
61.3974774
61.41256043
61.42775735
61.44306758
61.45849002
61.47402283
61.48966326
61.50540722
61.52124875
61.53717891
61.55318311
61.56920075
61.58521839
61.60135501
61.6175578
61.63382739
61.65016443
61.66656958
61.68304348
61.69958681
61.71620023
61.73288442
61.74964002
61.76646771
61.78336809
61.80034179
61.81738932
61.83451116
61.85170762
61.86897886
61.88632472
61.90374458
61.92123709
61.93879963
61.95642709
61.97406992
61.99171276
62.00935559
62.02701382
62.04465913
62.06226804
62.07983208
62.09734647
62.1148083
62.13221573
62.14956762
62.16686326
62.18410229
62.20128454
62.21841004
62.23547889
62.2524913
62.26944753
62.28634789
62.3031927
62.31998234
62.33671717
62.35339757
62.37002393
62.38659664
62.40311611
62.4195827
62.43599684
62.45235889
62.46866925
62.4849283
62.50113643
62.517294
62.53340139
62.54945898
62.56546711
62.5814068
62.59726575
62.61303557
62.62871027
62.64428552
62.65975819
62.67512606
62.69038761
62.70554189
62.7205826
62.73550388
62.75030165
62.76497315
62.77951666
62.79393351
62.80822326
62.82238592
62.8364219
62.8503319
62.86410657
62.87773999
62.89122886
62.90457271
62.91777774
62.9308497
62.943794
62.95661567
62.96931946
62.9819098
62.99439089
63.00676666
63.01904082
63.0312169
63.04329822
63.05528791
63.06718896
63.0790042
63.09073633
63.10238789
63.11396132
63.12545895
63.13688298
63.14823553
63.15951843
63.17073343
63.18188221
63.19296636
63.20398744
63.21494694
63.22584628
63.23668686
63.24747
63.25819699
63.26886905
63.2794874
63.29005317
63.3005675
63.31103145
63.32144607
63.33181237
63.34213132
63.35240388
63.36263095
63.37281342
63.38295216
63.39304799
63.40310174
63.41311418
63.42308608
63.43301818
63.4429112
63.45276584
63.46258278
63.47236268
63.48210619
63.49181392
63.5014865
63.51112452
63.52072854
63.53029914
63.53983687
63.54934225
63.55881581
63.56825806
63.5776695
63.5870506
63.59640184
63.60572368
63.61501657
63.62428095
63.63351725
63.64272589
63.65190727
63.6610618
63.67018987
63.67929185
63.68836807
63.69741885
63.7064445
63.71544534
63.72442166
63.73337377
63.74230196
63.75120651
63.7600877
63.76894581
63.77778112
63.78659387
63.79538435
63.8041528
63.81289947
63.82162462
63.83032848
63.83901129
63.84767329
63.85631471
63.86493578
63.87353671
63.88211773
63.89067905
63.89922088
63.90774344
63.91624692
63.92473153
63.93319746
63.94164492
63.95007408
63.95848515
63.9668783
63.97525372
63.98361159
63.99195209
64.00027539
64.00858166
64.01687107
64.02514379
64.03339997
64.0416398
64.04986341
64.05807097
64.06626264
64.07443856
64.08259889
64.09074376
64.09887334
64.10698776
64.11508716
64.12317169
64.13124147
64.13929666
64.14733737
64.15536374
64.1633759
64.17137398
64.17935811
64.18732841
64.19528501
64.20322801
64.21115756
64.21907375
64.22697672
64.23486657
64.24274341
64.25060737
64.25845855
64.26629706
64.27412301
64.2819365
64.28973764
64.29752653
64.30530327
64.31306798
64.32082074
64.32856165
64.33629082
64.34400834
64.35171429
64.35940879
64.36709192
64.37476376
64.38242442
64.39007398
64.39771253
64.40534016
64.41295695
64.42056299
64.42815836
64.43574315
64.44331744
64.4508813
64.45843483
64.4659781
64.47351118
64.48103416
64.48854711
64.49605011
64.50354324
64.51102656
64.51850016
64.5259641
64.53341845
64.54086329
64.54829869
64.55572472
64.56314144
64.57054892
64.57794724
64.58533645
64.59271663
64.60008783
64.60745013
64.61480358
64.62214826
64.62948421
64.63681151
64.64423355
64.65171534
64.65925782
64.66686198
64.67452882
64.68225939
64.69005475
64.697916
64.70584427
64.71384074
64.72190661
64.73004311
64.73825153
64.74653319
64.75488946
64.76332175
64.77183151
64.78042026
64.78908954
64.79784099
64.80667627
64.81559711
64.82460531
64.83370152
64.84288735
64.85216433
64.86153384
64.87099754
64.88055699
64.8902136
64.89996856
64.90982256
64.91977741
64.92983412
64.93999324
64.95025461
64.96061618
64.97107769
64.98163809
64.99229524
65.00304525
65.01389014
65.02482677
65.0358502
65.04695262
65.05812665
65.06937057
65.08068213
65.09205843
65.1034951
65.11498741
65.12652886
65.13810974
65.14969952
65.1612893
65.17287907
65.18447776
65.19603757
65.20754783
65.21900112
65.23039203
65.24171645
65.25297193
65.2641602
65.27528288
65.28634157
65.2973378
65.30827302
65.31914865
65.33006944
65.34112715
65.35232593
65.36366556
65.37514732
65.38676885
65.39851361
65.41039424
65.4224092
65.43455447
65.44682448
65.459218
65.4717327
65.48436471
65.49711373
65.50997307
65.52293231
65.53597433
65.54909663
65.56228587
65.57551643
65.58875747
65.60199852
65.61523956
65.62849109
65.64172766
65.65494261
65.66813148
65.68129099
65.6944186
65.7075123
65.72057046
65.73359177
65.74657514
65.75951969
65.7724247
65.78528958
65.79811384
65.81089712
65.8236391
65.83633957
65.84899834
65.86161532
65.87417936
65.88668288
65.89912022
65.91148707
65.9237795
65.93599506
65.94813188
65.96018853
65.97216398
65.98405292
65.99585643
66.00757718
66.01921772
66.03078046
66.04226771
66.05368166
66.06502441
66.07629776
66.08750344
66.09864313
66.10971841
66.12073083
66.13168187
66.14257296
66.15340546
66.16418071
66.17489997
66.18556449
66.19617545
66.206734
66.21724125
66.22769828
66.23810611
66.24846576
66.2587782
66.26904437
66.27926518
66.28944151
66.29957423
66.30966416
66.3197625
66.32993512
66.34018094
66.35049849
66.36088374
66.37133382
66.38184491
66.39241182
66.40302721
66.41369461
66.42441394
66.435185
66.44600758
66.45688136
66.46780591
66.47878074
66.48980518
66.50087845
66.51200029
66.52317183
66.53439428
66.5456689
66.55699704
66.56838012
66.57981962
66.59131713
66.6028743
66.61449289
66.62617476
66.63792184
66.64973622
66.66162005
66.67357564
66.68560541
66.6977119
66.70989783
66.72216604
66.73451955
66.74695718
66.75947658
66.77207461
66.78474707
66.79748834
66.81029714
66.82317247
66.83611301
66.84911707
66.86218241
66.87530612
66.8884843
66.90171155
66.9149796
66.92825817
66.94153673
66.9548153
66.9681044
66.9813922
66.99467204
67.00794059
67.02119571
67.03443586
67.04765992
67.06086704
67.07405655
67.08722794
67.10038082
67.11351486
67.12662984
67.13972555
67.15280186
67.16585866
67.17889587
67.19191344
67.20491133
67.21788953
67.23084803
67.24378683
67.25670596
67.26960544
67.28248528
67.29534554
67.30818624
67.32100744
67.33380916
67.34659147
67.35935442
67.37209804
67.3848224
67.39752755
67.41021354
67.42288042
67.43552826
67.44815711
67.46076702
67.47335805
67.48593026
67.4984837
67.51101844
67.52353451
67.53603199
67.54851093
67.56097138
67.5734134
67.58583704
67.59824236
67.61061299
67.62293954
67.63521529
67.64743513
67.65959511
67.67169214
67.68372378
67.69568807
67.70758346
67.71940876
67.73116278
67.7428448
67.7544543
67.76599095
67.77745457
67.78884557
67.80016595
67.81141749
67.82260191
67.83372084
67.84477587
67.85576852
67.86670025
67.87757247
67.88838654
67.89914376
67.9098454
67.92049268
67.93108677
67.94162881
67.9521199
67.96256109
67.97295342
67.98329788
67.99359544
68.00384701
68.01405351
68.02421582
68.03433478
68.04441121
68.05444591
68.06443966
68.07439321
68.0843073
68.09418262
68.10401989
68.11381975
68.12358288
68.1333099
68.14300144
68.15265809
68.16228044
68.17186906
68.18142451
68.19094734
68.20043806
68.2098972
68.21932525
68.22872271
68.23809006
68.24742776
68.25673626
68.26601602
68.27526747
68.28449103
68.29368711
68.30285613
68.31199847
68.32111453
68.33020465
68.33926916
68.34830837
68.3573226
68.36631216
68.37527733
68.38421843
68.39313574
68.40202954
68.41090011
68.41974772
68.42857265
68.43737515
68.44615549
68.45491392
68.46365069
68.47236604
68.48106021
68.48973345
68.49838598
68.50701803
68.51562983
68.5242216
68.53279356
68.54134591
68.54987888
68.55839266
68.56688746
68.57536347
68.5838209
68.59225994
68.60068078
68.60908361
68.61746861
68.62583595
68.63418583
68.63429457