108.012604
65.37130239
64.31672231
63.27628754
62.24431093
61.22725534
60.23056625
59.2465467
58.2818721
57.34674366
56.38331158
55.43278945
54.5011072
53.59257954
52.68267191
51.77222753
50.88049218
49.99184945
49.10848296
48.23333876
47.34005164
46.45862634
45.59497902
44.82462579
44.12768049
43.55694917
43.51602201
43.26093448
42.8108225
42.35926317
41.90666128
41.4536181
41.0010255
40.5502151
40.10320499
39.66313252
39.23508226
38.82789886
38.45923865
38.42036795
38.38149726
39.02961816
39.84195297
40.73805083
41.55316062
42.33387539
43.08419767
43.80762458
44.50721168
45.18562831
45.84520603
46.48798126
47.11573289
47.73001543
48.40115385
49.11687456
49.86391262
50.69872718
51.57681395
52.48258444
53.41580272
54.35566302
55.29889814
56.24315702
57.2203077
58.21947974
59.20339087
60.15296735
61.07045141
61.9578563
62.81699787
63.64952063
64.45691962
65.24055878
66.00168654
65.44950803
64.57529905
63.55849058
62.56264024
61.60322128
60.70697188
59.84695086
59.04105545
58.32082278
57.57154651
56.83715767
56.12161567
55.46649032
54.84720855
54.27627207
53.77418659
53.25218094
52.74434145
52.25454878
51.78818142
51.35312011
50.96202584
50.63935576
50.5950859
50.55081609
50.80516892
51.10192272
51.42831636
51.77668606
52.14190174
52.52030476
52.90917521
53.30643108
53.7104437
54.11991781
54.53380972
54.96177697
55.40440633
55.85898988
56.32339911
56.79593017
57.27519955
57.7600709
58.24960211
58.83359533
59.47867659
60.16703121
60.88713266
61.62520702
62.37930819
63.14579863
63.92187281
64.72119161
65.49717964
66.25104979
66.9867118
67.70591831
68.40937246
69.0977296
69.77160174
70.4315615
71.07814551
71.71185757
72.33317138
72.94253298
73.540363
74.12705861
74.70299533
75.26852868
75.82399558
76.36971573
76.90599281
77.43311559
77.95135892
78.46098465
78.96224251
79.45575596
79.94276989
80.42344442
80.89793339
81.36638464
81.82894032
82.28573724
82.73690713
83.18257688
83.62286881
84.05790089
84.48778695
84.9126369
85.33255688
85.74764949
86.15801389
86.56374602
86.96493872
87.36168186
87.75406249
88.14216493
88.52607095
88.9058598
89.28160838
89.65339132
90.02128104
90.38534789
90.74566019
91.10228435
91.45528492
91.80472465
92.1506646
92.49316416
92.83228114
93.16807184
93.50059105
93.82989218
94.15602723
94.47904693
94.7990007
95.11593674
95.42990206
95.74094255
96.04910297
96.354427
96.65695731
96.95673557
97.25380245
97.54819773
97.83996025
98.12912799
98.41573805
98.69982676
98.98172531
99.26167499
99.53969915
99.81582066
100.090062
100.3624452
100.6329918
100.9017232
101.16866
101.4338228
101.6972317
101.9589063
102.218866
102.4771298
102.7337165
102.1579954
101.1813677
100.2034094
99.22401148
98.24306134
97.26044215
96.27603278
95.28970753
94.30133588
93.31078215
92.31790523
91.32795851
90.33652293
89.34387704
88.35055878
87.35760751
86.36160687
85.36448545
84.36677994
83.36936993
82.37372268
81.38238021
80.38573374
79.38984452
78.3960095
77.40618849
76.42342926
75.44965322
74.48021435
73.51726076
72.56383015
71.62433201
70.69171988
69.76456651
68.84472669
67.93463492
67.03753643
66.14623823
65.26478866
64.39613091
63.54416206
62.71415517
61.89592393
61.09277596
60.30885945
59.54972803
58.82304913
58.08617841
57.35414077
56.62820954
55.90996633
55.22991232
54.56731295
53.92692329
53.31524467
52.74158439
52.16931091
51.65980201
51.24899565
51.20441825
51.15984091
51.28912705
51.52321743
51.81263409
52.13928085
52.49312288
52.86769644
53.25849004
53.66219255
54.07628891
54.49882049
54.928233
55.36327475
55.80292591
56.2463476
56.6928444
57.14183607
57.5928359
58.0454338
58.49928296
58.95408925
59.59737004
60.34028214
61.14197253
61.98085961
62.83927906
63.28381355
62.14702702
60.99679865
59.83232921
58.65274395
57.47922095
56.31352332
55.18655013
54.24543142
53.20582168
52.18983516
51.21332627
50.33260696
49.50861075
48.77608054
48.21207665
47.63533971
47.07025192
46.52095329
45.99332526
45.49618063
45.0439456
44.66479773
44.62337977
44.58196182
44.79113496
45.00535938
45.22273734
45.44205703
45.66252313
45.88360406
46.10494012
46.32628595
46.54747352
46.7683876
46.98894943
47.2091056
47.42882045
47.64807079
47.86684222
48.0851266
48.3029202
48.52022244
48.73703497
48.95336104
49.16920498
49.38457194
49.59946756
49.81389787
50.02786915
50.24138777
50.45446023
50.83689793
51.30802707
51.83785961
52.40971761
53.02704477
53.66305657
54.31364665
54.97566471
55.6466487
56.38089247
57.16941185
57.99398401
58.84313522
59.73555532
60.64857546
61.54970065
62.42174271
63.26642269
64.08530251
64.87980485
65.65122997
66.40076995
67.13305433
67.8490291
68.54938736
69.23477539
69.90579696
70.56301714
71.20696574
71.83814026
72.45700863
73.0640116
73.65956491
74.24406123
74.81787192
75.38134863
75.93482472
76.47861655
77.01302472
77.5383351
78.05481985
78.56273832
79.06233787
79.55452687
80.04024916
80.5196636
80.99292277
81.46017334
81.92155637
82.37720762
82.82725781
83.27183291
83.71105432
84.14503918
84.57390051
84.99774743
85.41668536
85.83081619
86.24023843
86.64504738
87.04533526
87.44119136
87.83270217
88.21995151
88.6030206
88.98198823
89.35693083
89.72792256
90.09503544
90.45833938
90.81790233
91.17379031
91.5260675
91.8747963
92.22003744
92.56184997
92.90029141
93.23541774
93.56728346
93.8959417
94.22144421
94.54384143
94.86318254
95.1795155
95.4928871
95.80334298
96.11092768
96.41568469
96.71765646
97.01688447
97.3134092
97.60727023
97.89850623
98.18715501
98.47325351
98.75683786
99.03834147
99.31790095
99.59553955
99.87128008
100.1451449
100.417156
100.6873348
100.9557026
101.22228
101.4870875
101.750145
102.0114722
102.2710883
102.5290125
102.7852631
103.0398586
103.2928169
103.5441557
103.7938923
104.0420439
104.2886271
104.5336585
104.7771543
105.0191305
105.2596028
105.4985865
105.7360969
105.972149
106.2067574
106.4399367
106.6717009
106.9020643
107.1310405
107.3586432
107.5848858
107.8097813
108.0333429
108.2555832
108.4765148
108.6961503
108.9145017
109.1315811
109.3474003
109.5619712
109.7753051
109.9874134
110.1983073
110.4079979
110.6164959
110.8238122
111.0299574
111.2349417
111.4387756
111.6414691
111.8430322
112.0434749
112.2428068
112.4410376
112.6381767
112.8342335
113.0292171
113.2231367
113.4160014
113.6078198
113.7986008
113.6709301
112.7029088
111.7346141
110.7659705
109.7969003
108.8273235
107.8571581
106.8863192
105.9147196
104.9422695
103.968876
102.9944434
102.0188728
101.042062
100.0639052
99.08429301
98.10311221
97.12024537
96.13845566
95.15513299
94.17024726
93.18380147
92.19585156
91.20606985
90.21446034
89.22106843
88.22601063
87.22951602
86.23199798
85.23228944
84.23076817
83.2276917
82.22348085
81.21881037
80.2147649
79.20760379
78.19947379
77.19109856
76.18355825
75.17848459
74.17839845
73.17280106
72.16808292
71.16561464
70.16734862
69.17611671
68.19520059
67.21732419
66.24423803
65.27831693
64.32283424
63.38417432
62.4583024
61.55023809
60.66714477
59.81965147
59.02445084
58.18589817
57.36547327
56.56901191
55.80467943
55.11643779
54.44236076
53.78621057
53.1530056
52.54967123
51.95030119
51.39341332
50.89677767
50.49488622
50.45068884
50.40649152
50.63718667
50.8712512
51.10779752
51.34616167
51.58584079
51.82645031
52.06769396
52.3093422
52.55121643
52.7931773
53.03511584
53.27694687
53.51860378
53.76003466
54.00119919
54.24206624
54.48261203
54.72281862
54.96267275
55.20216488
55.44128853
55.68003958
55.9184159
56.26436576
56.68068928
57.14671668
57.65010204
58.25764726
58.91771053
59.61568838
60.34181738
61.13378628
61.96202194
62.81445909
63.64705946
64.45453178
65.23824035
65.99943394
66.74080575
67.46547364
68.17415792
68.8675295
69.54621453
70.2107985
70.86182979
71.49982294
72.1252615
72.73860055
73.34026907
73.9306719
74.51019169
75.0791905
75.63801137
76.18697966
76.72640432
77.25657902
77.77778318
78.29028295
78.79433204
79.29017255
79.77935865
80.26215211
80.73870886
81.2091787
81.67370568
82.13242839
82.58548022
83.03298967
83.47508057
83.52374832
82.63028932
81.77222983
80.92170926
80.08739965
79.27379644
78.48712357
77.73633075
76.99515836
76.27759471
75.58934299
74.93825228
74.33568829
73.73657152
73.14538519
72.56310224
71.99086518
71.45998398
70.94378744
70.44459898
69.96533901
69.50978298
69.08300748
68.64023394
68.23203758
67.86874895
67.56891298
67.38646702
67.20893303
67.03134554
66.85370403
66.67600837
66.49825894
66.32045674
66.14260364
65.96470261
65.78675808
65.60877642
65.43076648
65.25274048
65.07471501
64.89671249
64.71876308
64.54090725
64.3631993
64.18571215
64.00854391
63.83182711
63.65574178
63.48053432
63.30654551
63.1342536
62.96434353
62.79782595
62.63626168
62.48225088
62.34080604
62.29025055
62.23969506
62.31270235
62.42825931
62.57003919
62.73056927
62.90539431
63.09152364
63.28680711
63.48962807
63.69873208
63.91312288
64.13199496
64.35468781
64.58065366
64.80943396
65.04064185
65.27394882
65.50907435
65.19960351
64.76096728
64.31360257
63.86056885
63.40139094
62.93555666
62.46251468
61.98167246
61.49239416
60.99399863
60.48575738
59.96689259
59.43657519
58.89392285
58.33799798
57.7678057
57.17864884
56.58786001
55.99545589
55.40146797
54.80594586
54.20896139
53.61061377
53.01103589
52.41521937
51.81990786
51.22563498
50.63307244
50.04306927
49.45670508
48.87536413
48.30084103
47.73708432
47.18973035
46.66469495
46.1708129
45.72250611
45.34790088
45.30617368
45.26444648
45.4850049
45.85441383
46.30053246
46.79641744
47.32720554
47.8834471
48.45865975
48.97993955
49.49483836
50.00392412
50.50769148
51.00657267
51.50094669
51.99114708
52.47746852
52.9601723
53.43949109
53.91563285
54.40108471
54.89934443
55.40801922
55.92520583
56.44936824
56.97925234
57.51382449
58.08680419
58.68575493
59.30534388
59.94852888
60.58483554
61.21467887
61.83844149
62.45647666
63.06911101
63.67664692
64.27936478
64.86941512
65.45515114
66.03680084
66.61457664
67.18867675
67.75928636
68.32657867
68.89071591
69.44713241
69.99993423
70.54930353
71.09541137
71.63841858
72.17847645
72.71572745
73.25030585
73.78554175
74.31767017
74.84683995
75.37319181
75.89685888
76.41796719
76.93663614
77.45297888
77.96710278
78.47646843
78.97747368
79.47078539
79.95760258
80.43808519
80.91238685
81.38065523
81.84303232
82.29965476
82.75065414
83.19615719
83.6362861
84.07115871
84.50088874
84.92558595
85.3453564
85.76030256
86.17052351
86.57611509
86.97717003
87.37377812
87.76602632
88.15399888
88.53777748
88.91744131
89.2930672
89.00106012
88.11299676
87.19894603
86.26466538
85.31402056
84.32496413
83.32052842
82.30626351
81.2844219
80.25600152
79.22319728
78.18513588
77.14153704
76.09210421
75.03939375
73.98389069
72.92848466
71.88194207
70.88364354
69.84816524
68.8179006
67.79827495
66.79899156
65.82664544
64.86869789
63.93224938
63.02836673
62.17546179
61.27289062
60.3778943
59.49305111
58.62176047
57.77324402
56.94671013
56.14984052
55.39380834
54.68699782
53.99825167
53.33273329
52.69756766
52.12257192
51.61133577
51.20085002
51.08675116
51.04225587
50.99776064
51.11443011
51.25500662
51.41001318
51.57454542
51.74564928
51.92139985
52.10048176
52.28196749
52.4651885
52.64965524
52.83500495
53.02096644
53.20733554
53.39395778
53.58071584
53.76752039
53.9543033
54.14101261
54.32760874
54.51406161
54.70034848
54.88645226
55.07236027
55.25806324
55.44355456
55.6288297
55.81388573
55.99872101
56.18333487
56.4934761
56.87848654
57.3154164
57.79110511
58.2968911
58.81026899
59.34346006
59.8928888
60.4557461
61.02978245
61.6451008
62.29336742
62.96712226
63.66089383
64.37054481
65.10099508
65.85330269
66.59801002
67.32586722
68.0376048
68.73390289
69.41539602
70.08267726
70.73630197
71.37679102
72.00463377
72.62029067
73.22419558
73.8167579
74.39836445
74.96938116
75.53015467
76.08101368
76.62227022
77.15422085
77.6771477
78.19131941
78.69699206
79.19440993
79.6848562
80.16887882
80.64663492
81.11827549
81.58394566
82.04378505
82.49792805
82.94650409
83.38963788
83.82744968
84.2600555
84.6875673
85.1100932
85.52773765
85.94060164
86.34878278
86.75237556
87.1514714
87.54615882
87.93652359
87.57403222
86.76213803
85.946988
85.12841255
84.30623464
83.48026933
82.65032325
81.81278516
80.9708697
80.12435491
79.27300796
78.41658444
77.56060574
76.7043263
75.84782258
74.99119144
74.13455374
73.27400338
72.40727974
71.53404334
70.65393391
69.76656874
68.87776435
67.98845687
67.09890303
66.2094248
65.32042425
64.43282198
63.54833083
62.66805083
61.79336442
60.93234758
60.06492265
59.19070723
58.30928904
57.42022243
56.52924938
55.65362367
54.79897798
53.97326041
53.18908141
52.41487005
51.65383713
50.91025343
50.1912894
49.50466525
48.86301167
48.28688227
47.71795213
47.16052807
46.61868089
46.09819118
45.60771719
45.16142675
44.78698026
44.74550732
44.70403444
44.93525929
45.21389873
45.52164327
45.84895966
46.19002147
46.54096021
46.89907399
47.26241074
47.62952586
47.99933123
48.37099634
48.7438809
49.1174875
49.49142764
49.86539673
50.32398291
50.85611695
51.43878509
52.05810644
52.70104156
53.36231691
54.03777026
54.72421827
55.42878785
56.13910254
56.85372133
57.5714823
58.35202948
59.17000824
60.01346857
60.87448623
61.74330144
62.6092036
63.44809897
64.26151735
65.05085326
65.81738208
66.56291152
67.29155467
68.00404456
68.70106364
69.38324848
70.05119407
70.70545745
71.3465611
71.97499581
72.59122335
73.19567879
73.78877266
74.3708928
74.94240613
75.50366016
76.0549844
76.59669167
77.12907924
77.65242989
78.1670129
78.67308491
79.17089076
79.66164697
80.14597188
80.62402294
81.09595141
81.56190269
82.02201667
82.47642797
82.92526625
83.36865646
83.80671904
84.23957021
84.66732211
85.09008306
85.50795766
85.92104706
86.32944905
86.73325824
87.1325662
87.52746159
87.91803032
88.3043556
88.68651813
89.06459616
89.43866563
89.80880021
90.17507146
90.53754884
90.89629989
91.25139019
91.60288354
91.95084198
92.29532585
92.63639386
92.97410319
93.30850949
93.63966696
93.96762842
94.29244532
94.61416784
94.93284487
95.24852411
95.5612521
95.87107424
96.17803483
96.48217714
96.78354339
97.08217483
97.37811177
97.67139356
97.9620587
98.25014478
98.53568859
98.81872651
99.09980184
99.37893819
99.65615869
99.93148606
100.2049426
100.4765501
100.74633
101.0143035
101.2804911
101.5449132
101.8075897
102.0685401
102.3277837
102.5853393
102.8412255
103.0954605
103.3480622
103.5990482
103.8484358
104.0962421
104.3424837
104.587177
104.8303383
105.0719834
105.312128
105.5507874
105.7879768
106.0237111
106.258005
106.4908727
106.7223287
106.9523867
107.1810606
107.408364
107.6343101
107.858912
108.0821828
108.3041351
108.5247815
108.7441344
108.9622059
109.179008
109.3945525
109.6088511
109.8219154
110.0337565
110.2443856
110.4538138
110.6620518
110.8691105
111.0750002
111.2797314
111.4833144
111.6857592
111.8870758
112.0872742
112.2863638
112.4843544
112.6812554
112.8770761
113.0718257
113.2655133
113.4581477
113.649738
113.8402927
114.0298205
114.21833
114.4058294
114.5923272
114.7778314
114.9623502
115.1458915
115.3284632
115.5100731
115.690729
115.8704383
116.0492086
116.2270473
116.4039617
116.5799591
116.7550466
116.9292313
117.1025201
117.27492
117.4464377
117.6170801
117.7868537
117.9557651
118.1238209
118.2910275
118.4573912
118.6229184
118.7876152
118.9514878
119.1145423
119.2767847
119.4382209
119.5957784
118.6304746
117.6652757
116.7001179
115.7324858
114.7648041
113.7970034
112.8290123
111.8607575
110.8921637
109.9231535
108.9536474
107.9835633
107.012817
106.0413216
105.0689874
104.0957222
103.1246969
102.1529356
101.18042
100.2071554
99.23318141
98.25730517
97.27958892
96.29991771
95.31817188
94.3342268
93.34797703
92.3593171
91.36810204
90.37418074
89.37739565
88.37758224
87.37093989
86.36100277
85.3475809
84.33047521
83.30947691
82.28436677
81.25491437
80.22087719
79.18199969
78.13801231
77.08863024
76.0499772
75.00925798
73.96793178
72.92877686
71.89746627
70.84887321
69.79788474
68.74549381
67.69325577
66.64363852
65.59124854
64.53795954
63.48538812
62.43593505
61.40659706
60.3787794
59.35463441
58.3372092
57.33089608
56.31524708
55.30660899
54.30939265
53.33001833
52.378147
51.40522031
50.44728067
49.51202457
48.61105299
47.734432
46.86357459
46.00190467
45.15419822
44.32261648
43.52029352
42.76214649
42.07344177
41.37828688
40.68425345
39.99370325
39.31008091
38.63853126
37.98703167
37.36872997
36.88353153
36.39389138
35.89964219
35.40062019
34.89667451
34.38768425
33.87358947
33.35444856
32.83054683
32.30260896
31.77223407
31.24285041
30.72206388
30.68539251
30.64872114
31.23146712
31.8706897
32.53574233
33.21208816
33.89191958
34.57078438
35.24607189
35.91624433
36.58041454
37.23810071
38.05372085
38.97762331
40.02971196
41.08973684
42.15066455
43.25764556
44.39140015
45.53530681
46.70232892
47.88388308
49.07290202
50.24668048
51.40508601
52.54731971
53.67513677
54.78888639
55.8820201
56.9522518
57.98209767
58.97446355
59.93192845
60.8567939
61.75112411
62.61677897
63.45544129
64.2686396
65.05776727
65.82409871
66.56947436
67.29797048
68.01031965
68.70720386
69.38925933
70.05708065
70.71122458
71.35221327
71.98053727
72.59665807
73.20101055
73.794005
74.3760291
74.94744955
75.50861371
76.05985094
76.60147392
77.13377978
77.65705117
78.17155727
78.67755459
79.17528789
79.66598614
80.15025452
80.62825042
81.10012506
81.56602378
82.02608641
82.48044754
82.92923678
83.37257904
83.81059473
84.24340002
84.67110702
85.09382401
85.51165559
85.92470284
86.33306353
86.73683225
87.13610055
87.53095706
87.92148765
88.30777552
88.68990135
89.06794338
89.4419775
89.81207738
90.17831455
90.54075847
90.89947664
91.25453465
91.60599627
91.95392352
92.29837672
92.63941459
92.97709427
93.31147142
93.64260021
93.97053345
94.29532259
94.61701778
94.93566792
95.2513207
95.56402262
95.8738191
96.18075441
96.48487182
96.78621355
97.08482083
97.38073396
97.6739923
97.96463431
98.2526976
98.53821894
98.82123928
99.10229723
99.38141641
99.65861995
99.93393055
100.2073705
100.4789616
100.7487254
101.0166828
101.2828547
101.5472611
101.8099221
102.0708572
102.3300857
102.5876263
102.8434977
103.0977181
103.3503054
103.6012771
103.8506505
104.0984428
104.3446705
104.5893501
104.8324978
105.0741295
105.3142608
105.552907
105.7900834
106.0258048
106.2600859
106.492941
106.7243844
106.9544301
107.1830917
107.4103829
107.636317
107.860907
108.084166
108.3061066
108.5267414
108.7460828
108.964143
109.1809338
108.942695
108.0988986
107.2535889
106.406683
105.5580962
104.707741
103.8555278
103.0013642
102.1451552
101.2868031
100.426207
99.56326319
98.70372427
97.84717228
96.99387438
96.1441392
95.29832401
94.45288165
93.61566895
92.78804061
91.97166854
91.16653024
90.37203637
89.58991197
88.82228522
88.06076345
87.30892077
86.56805775
85.84645815
85.12729951
84.41075654
83.69702586
82.98233985
82.27056137
81.56193504
80.85673741
80.15172015
79.45089872
78.7546926
78.06358061
77.372424
76.6876598
76.01004124
75.35482932
74.70934138
74.07487798
73.4529874
72.84553277
72.25478579
71.68356249
71.15582589
70.66163146
70.2097473
69.8139607
69.39683948
68.99570167
68.61352981
68.25433231
67.92382458
67.63099236
67.39301578
67.33955657
67.28609735
67.46998419
67.70157362
67.96843256
68.26311457
68.58055684
68.91706006
69.26979213
69.6498691
70.03769122
70.43240381
70.83326981
71.23964916
71.65098271
72.06677947
72.48660635
72.91007977
73.34378827
73.79672932
74.26625644
74.7502128
75.25501691
75.76993517
76.29383603
76.82574493
77.35422975
77.87379453
78.38470305
78.88720678
79.38171521
79.86969936
80.35132037
80.82673301
81.29608598
81.75952229
82.21717953
82.66919018
83.11568184
83.55677751
83.99259581
84.42325117
84.84885407
85.26951123
85.24982506
84.24885369
83.2396478
82.22345056
81.20328357
80.17827195
79.14816528
78.11269923
77.0715944
76.0164216
74.95522842
73.88767595
72.81340407
71.7320295
70.69585846
69.66616498
68.65020428
67.66235289
66.6664657
65.67929433
64.70561738
63.75267967
62.83200119
61.90051814
60.98100267
60.07800086
59.19788418
58.36847655
57.56218081
56.78680649
56.05370634
55.3804869
54.67178685
53.97959354
53.30855521
52.66500945
52.08731233
51.57293268
51.15827763
51.11374617
51.06921476
51.06211967
51.18343922
51.33730334
51.51064666
51.69701168
51.89254654
52.09473103
52.30182306
52.51257413
52.72606664
52.94161367
53.15869382
53.37690711
53.59594412
53.81556397
54.03557817
54.25583864
54.47622876
54.69665649
54.91704911
55.13734922
55.35751154
55.57750046
55.79728809
56.01685271
56.35425281
56.76548023
57.22834079
57.72981669
58.33094596
58.98395764
59.67460686
60.39332813
61.13334813
61.90059227
62.70617598
63.53775898
64.34849331
65.13528936
65.89941043
66.64306378
67.36991329
68.08068622
68.29074917
67.18176597
66.06096617
64.92941421
63.78700298
62.63305344
61.4668285
60.30365541
59.13413526
57.96351332
56.80698097
55.65716365
54.51002332
53.37364349
52.2634072
51.1600418
50.06511479
48.98694148
47.93921191
46.89546111
45.87518108
44.89444178
43.98125019
43.0580966
42.15646324
41.28915211
40.47729627
39.66904873
38.97823749
38.57156343
38.53265153
38.49373969
38.75972174
39.05545056
39.36722953
39.68817394
40.01436723
40.34343271
40.67387185
41.00471712
41.33533484
41.66530711
41.99435834
42.32230827
42.6490412
42.97448565
43.29860055
43.62136586
43.94277617
44.26283618
44.8147757
45.478758
46.21055527
46.94723559
47.67697559
48.40002093
49.11661329
49.82698867
50.53137623
51.22999762
51.90257413
52.57094052
53.23517173
53.8953512
54.55156842
55.20391699
55.89467501
56.60008058
57.31689302
58.04258305
58.78917943
59.56578709
60.36416292
61.23497226
62.11707674
62.97123083
63.79905017
64.60200455
65.38143569
66.13857237
66.87678157
67.59842474
68.0326969
66.91512351
65.78788863
64.65039658
63.50200379
62.45552401
61.43929959
60.48708009
59.51115171
58.55325214
57.62238484
56.74985726
55.91025376
55.11794721
54.39652275
53.64652312
52.92447773
52.24010042
51.58865673
50.93996787
50.29517129
49.65571745
49.02347484
48.40088314
47.79118498
47.18206121
46.59870131
46.05138904
45.5569634
45.14848795
45.09631712
45.05470435
45.01309164
45.19666999
45.41245002
45.64725001
45.89429932
46.14955833
46.41042255
46.67513207
46.94246021
47.21153342
47.48171991
47.75255758
48.02370576
48.2949119
48.56598818
48.83679481
49.10722787
49.37721044
49.64668604
49.91561373
50.18396441
50.45171807
50.86878495
51.38663957
51.9696241
52.62885281
53.31335799
54.01701801
54.73530165
55.56144345
56.45406341
57.38406476
58.37677882
59.35512464
60.29950552
61.21212527
62.09496416
62.94980941
63.77828066
64.58185118
65.36186574
66.11955584
66.85819652
67.5802524
68.28643552
68.97740933
69.65379319
70.31616638
70.96507167
71.60101843
72.22448547
72.83592355
73.43575763
74.02438888
74.59862711
75.1363187
75.6338889
76.08684745
76.55562626
77.04020983
77.53862341
78.04921688
78.55612735
79.05583452
79.54810947
80.03391559
80.51341181
80.98675081
81.45407931
81.91553845
82.37126407
82.82138695
83.2660331
83.70532402
84.13937686
84.56830471
84.99221675
85.41121845
85.82541172
86.23489513
86.63976402
87.04011065
87.43602435
87.82759165
88.21489638
88.59801982
88.97704078
89.35203572
89.72307883
90.09024216
90.45359565
90.81320727
91.16914306
91.52146723
91.8702422
92.21552872
92.55738588
92.8958712
93.23104067
93.56294884
93.89164884
94.21719244
94.53963009
94.859011
95.17538313
95.4887933
95.79928715
96.10690925
96.4117031
96.71371116
97.0129749
97.30953486
97.6034306
97.8947008
98.18338329
98.46951502
98.75313215
99.03466141
99.31424624
99.5919099
99.86767518
100.1415645
100.4135997
100.6838024
100.9521938
101.2187946
101.4836252
101.7467055
102.0080553
102.2676938
102.5256399
102.7819124
103.0365295
103.2895092
103.5408691
103.7906266
104.0387989
104.2854025
104.5304542
104.7739701
105.0159661
105.256458
105.4954611
105.7329908
105.9690619
106.2036892
106.4368871
106.6686698
106.8990515
107.1280458
107.3556664
107.5819267
107.8068399
108.0304188
108.2526764
108.4736251
108.6932775
108.9116457
109.1287417
109.3445774
109.5591645
109.7725146
109.9846389
110.1955487
110.4052549
110.6137686
110.8211003
111.0272607
111.2322603
111.4361091
111.6388175
111.8403955
112.0408528
112.2401992
112.4384444
112.6355977
112.8316686
113.0266663
113.2205998
113.4134782
113.6053103
113.7961049
113.9858706
114.1746159
114.3623493
114.5490791
114.7348135
114.9195605
115.1033283
115.2861246
115.4679573
115.6488342
115.8287628
116.0077506
116.1858052
116.3629337
116.5391436
116.7144419
116.8888357
117.0623321
117.2349379
117.40666
117.5775052
117.7474801
117.9165913
118.0848453
118.2522487
118.4188077
118.5845287
118.7494179
118.9134815
119.0767255
119.2391561
119.4007791
119.5616004
119.721626
119.8808614
120.0393125
120.1969849
120.3538842
120.5100158
120.6653853
120.819998
120.9738593
121.1269745
121.2793488
121.4309873
121.5818953
121.7320778
121.8815398
122.0302862
122.178322
122.3256521
122.4722812
122.6182142
122.7634557
122.9080104
123.051883
123.195078
123.3376
123.4794534
123.6206426
123.7611722
123.9010464
124.0402696
124.178846
124.3167798
124.4540753
124.5907366
124.7267679
124.8621731
124.9969563
125.1311215
125.2646728
125.3976138
125.5299487
125.6616812
125.7928151
125.9233542
126.0533023
126.182663
126.3114401
126.4396371
126.5672577
126.6943055
126.8207839
126.9466965
127.0720469
127.1968383
127.3210743
127.4447582
127.5678934
127.6904832
127.812531
127.9340399
128.0550132
128.1754542
128.295366
128.4147517
128.5336146
128.6519577
128.769784
128.8870968
129.0038988
129.1201933
129.235983
129.3512711
129.4660603
129.5803537
129.6941541
129.8074643
129.9202871
130.0326255
130.1444821
130.2558597
130.366761
130.4771889
130.5871459
130.6966347
130.805658
130.9142184
131.0223185
131.1299609
131.2371482
131.3438828
131.3805958
131.3805958
131.3805958
131.3805958
131.3805958
131.3805958
131.3805958
131.3805958
131.3805958
131.3805958
131.3805958
131.3805958
131.3805958
131.3805958
131.3805958
131.3805958
131.3805958
131.3805958
131.3805958
131.3805958
131.3805958
131.3805958
131.3805958
131.3805958
131.3805958
131.3805958
131.3805958
131.3805958
131.3805958
131.3805958
131.3805958
131.3805958
131.3805958
131.3805958
131.3805958
131.3805958
131.3805958
131.3805958
131.3805958
131.3805958
131.3805958
131.3805958
131.3805958
131.3805958
131.3805958
131.3805958
131.3805958
131.3805958
131.3805958
131.3805958
131.3805958
131.3805958
131.3805958
131.3805958
131.3805958
131.3805958
131.3805958
131.3805958
131.3805958
131.3805958
131.3805958
131.3805958
131.3805958
131.3805958
131.3805958
131.3805958
131.3805958
131.3805958
131.3805958
131.3805958
131.3805958
131.3805958
131.3805958
131.3805958
131.3805958
131.3805958
131.3805958
131.3805958
131.3805958
131.3805958
131.3805958
131.3805958
131.3805958
131.3805958
131.3805958
131.3805958
131.3805958
131.3805958
131.3805958
131.3805958
131.3805958
131.3805958
131.3805958
131.3805958
131.3805958
131.3805958
131.3805958
131.3805958
131.3805958
131.3805958
131.3805958
131.3805958
131.3805958
131.3805958
131.3805958
131.3805958
131.3805958
131.3805958
131.3805958
131.3805958
131.3805958
131.3805958
131.3805958
131.3805958
131.3805958
131.3805958
131.3805958
131.3805958
131.3805958
131.3805958
131.3805958
131.3805958
131.3805958
131.3805958
131.3805958
131.3805958
131.3805958
131.3805958
131.3805958
131.3805958
131.3805958
131.3805958
131.3805958
131.3805958
131.3805958
130.5765458
129.6932065
128.815391
127.9435369
127.0781533
126.2198343
125.3621139
124.5077303
123.6567941
122.8094285
121.9685919
121.1317806
120.2991786
119.470991
118.6474465
117.8253455
117.0083088
116.1966478
115.3907131
114.5982978
113.8165869
113.046856
112.2906322
111.549762
110.8091536
110.0808089
109.3661374
108.6668176
107.9935097
107.3406383
106.7113801
106.109776
105.547132
105.008321
104.4970488
104.0181719
103.5783808
103.1283964
102.6949736
102.2800464
101.8860267
101.5359198
101.2168022
100.9365716
100.7102717
100.6362223
100.562173
100.6375967
100.7448731
100.8771335
101.0301416
101.200951
101.387363
101.5876592
101.8004518
102.0245919
102.2778259
102.5357062
102.7919135
103.0464661
103.2993821
103.5506789
103.800374
104.0484845
104.2950271
104.5400183
104.7834744
105.0254112
105.2658445
105.5047897
105.742262
105.9782763
106.2128473
106.4459895
106.6777171
106.8290874
105.9029968
104.9752065
104.0456364
103.0712893
102.095812
101.1191027
100.1410559
99.16156256
98.18050961
97.25486674
96.34667349
95.46864847
94.64923854
93.80550362
92.97711482
92.16799774
91.3835606
90.62247195
89.87614043
89.14709002
88.43849624
87.71854471
86.97910045
86.22119098
85.44572191
84.65349254
83.84520848
83.02149182
82.18288948
81.3144848
80.42045521
79.50423226
78.56843756
77.5993021
76.6056182
75.59312089
74.56524281
73.53225702
72.49134504
71.44214578
70.35118245
69.2521498
68.14457212
67.02793906
65.90170198
64.7652697
63.61800373
62.4592127
61.31730456
60.17293314
59.02218343
57.86412266
56.7000931
55.52286161
54.33342863
53.13152834
51.90925727
50.66907684
49.41558099
48.14312676
46.85066888
45.53549578
44.21082401
42.88690499
41.55848793
40.24793908
38.98575391
37.74352752
36.54924046
35.41704067
34.54515777
33.56162899
32.61196744
31.73447921
31.0271811
30.99045257
30.95372404
31.29132817
31.59336421
31.87986669
32.15957748
32.43573913
32.70951142
32.98132835
33.25137245
33.51973684
33.78648139
34.05165274
34.31529162
34.57743564
34.83812045
35.09738015
35.35524758
35.6117544
35.8669312
36.12080755
36.37341205
36.62477237
36.87491533
37.12386688
37.37165219
37.61829563
37.86382087
38.10825085
38.62815173
39.25950495
39.95402927
40.68771929
41.44645713
42.22121669
43.01754827
43.88093492
44.78496273
45.71403668
46.65825946
47.65687128
48.68122719
49.76564542
50.85784499
51.95082997
53.04245594
54.13255555
55.21771251
56.30036636
57.35463207
58.36967662
59.34827309
60.29288801
61.20572693
62.08877158
62.94381048
63.77246437
64.5762075
65.3563855
66.11423064
66.85299219
67.57516368
68.28145752
68.97253748
69.64902321
70.31149429
70.96049371
71.59653109
72.22008544
72.83160772
73.43152304
74.02023276
74.59811625
75.16553256
75.72282194
76.27030714
76.80829472
77.33707608
77.85692855
78.36811632
78.87089127
79.36561628
79.85381161
80.33563864
80.81125231
81.28080154
81.7444295
82.20227398
82.6544676
83.10113812
83.5424087
83.97839808
84.40922084
84.83498758
85.25580514
85.67177674
86.08300217
86.48957795
86.89159748
87.28915115
87.68232653
88.07120845
88.45587911
88.83641823
89.21290313
89.58540885
89.95400821
90.31877193
90.67976871
91.03706529
91.39072656
91.74081559
92.08739376
92.43052075
92.77025467
93.10665208
93.43976804
93.76965622
94.09636887
94.41995695
94.74047011
95.05795678
95.3724642
95.68403843
95.99272446
96.29856615
96.60160637
96.90188695
97.19944876
97.49433173
97.78657487
98.07621632
98.36329335
98.6478424
98.93010144
99.21040727
99.48878332
99.76525256
100.0398375
100.3125603
100.5834426
100.8525058
101.1197706
101.3852577
101.6489872
101.9109789
102.1712521
102.429826
102.6867193
102.9419504
103.1955375
103.4474982
103.6978502
103.9466105
104.193796
104.4394235
104.6835091
104.926069
105.1671189
105.4066744
105.6447508
105.881363
106.116526
106.3502542
106.5825621
106.8134636
107.0429727
107.2711031
107.4978681
107.7232812
107.9473552
108.1701032
108.3915376
108.6116711
108.8305158
109.0480839
109.2643874
109.4794379
109.693247
109.9058263
110.1171868
110.3273398
110.5362961
110.7440665
110.9506617
111.1560921
111.360368
111.5634998
111.7654973
111.9663706
112.1661294
112.3647833
112.562342
112.7588147
112.9542107
113.1485393
113.3418094
113.5340299
113.7252096
113.9153573
114.1044814
114.2925905
114.4796929
114.6657968
114.8509104
115.0350417
115.2181987
115.4003892
115.581621
115.7619016
115.9412387
116.1196398
116.2971122
116.4736631
116.6492999
116.8240296
116.9978592
117.1707957
117.3428459
117.5140167
117.6843147
117.8537466
118.022319
118.1900382
118.3569108
118.522943
118.688141
118.8525112
119.0160596
119.1787923
119.3407151
119.5018342
119.6621552
119.8216841
119.9804265
120.1383881
120.2955744
120.4519911
120.6076437
120.7625374
120.9166778
121.0700701
121.2227195
121.3746314
121.5258107
121.6762626
121.8259922
121.9750044
122.1233041
122.2708963
122.4177858
122.5639773
122.7094757
122.8542855
122.9984114
123.1418581
123.28463
123.4267317
123.5681677
123.7089423
123.8490599
123.9885249
124.1273415
124.2655141
124.4030467
124.5399436
124.6762089
124.8118466
124.9468609
125.0812557
125.215035
125.3482027
125.4807627
125.612719
125.7440753
125.8748353
126.005003
126.1345819
126.2635758
126.3919883
126.519823
126.6470835
126.7737735
126.8998963
127.0254555
127.1504546
127.2748969
127.3987859
127.522125
127.6449174
127.7671665
127.8888756
128.0100479
128.1306867
128.2507951
128.3703762
128.4894334
128.6079696
128.7259879
128.8434914
128.9604832
129.0769663
129.1929435
129.308418
129.4233926
129.5378702
129.6518537
129.765346
129.8783499
129.9908683
130.1029039
130.2144595
130.3255378
130.4361415
130.5462734
130.6559362
130.7651325
130.8738648
130.982136
131.0899485
131.1973048
131.3042077
131.3805958
131.3805958
131.3805958
131.3805958
131.3805958
131.3805958
131.3805958
131.3805958
131.3805958
131.3805958
131.3805958
131.3805958
131.3805958
131.3805958
131.3805958
131.3805958
131.3805958
131.3805958
131.3805958
131.3805958
131.3805958
131.3805958
131.3805958
131.3805958
131.3805958
131.3805958
131.3805958
131.3805958
131.3805958
131.3805958
131.3805958
131.3805958
131.3805958
131.3805958
131.3805958
131.3805958
131.3805958
131.3805958
131.3805958
131.3805958
131.3805958
131.3805958
131.3805958
131.3805958
131.3805958
131.3805958
131.3805958
131.3805958
131.3805958
131.3805958
131.3805958
131.3805958
131.3805958
131.3805958
131.3805958
131.3805958
131.1178495
130.143762
129.1704877
128.200758
127.2319661
126.2640934
125.2971273
124.331063
123.3659062
122.4018182
121.4384201
120.4756884
119.5136038
118.5521527
117.5913289
116.6311349
115.6715855
114.7119187
113.7525914
112.7935832
111.8348802
110.8764759
109.9183735
108.9605888
108.0027074
107.0447971
106.0868354
105.1288069
104.1707043
103.2125308
102.2546482
101.2964305
100.3378621
99.3789363
98.41965799
97.46004612
96.50036074
95.54037207
94.58015023
93.61979643
92.65945147
91.69930706
90.73905378
89.77899456
88.81940608
87.86065505
86.90322704
85.94776694
84.9920648
84.03833722
83.087425
82.14044655
81.19890729
80.26486586
79.32958059
78.39979076
77.47730009
76.56452244
75.66475045
74.78378958
73.91136652
73.04962148
72.20131613
71.37007512
70.56172793
69.76924107
68.99646468
68.24849391
67.53227132
66.85764983
66.16624005
65.50170064
64.87101663
64.2841075
63.75613474
63.28158413
62.84563987
62.46140744
62.15396909
62.1035192
62.0530693
62.21980539
62.43849177
62.69357189
62.97642746
63.28144233
63.60462818
63.9429969
64.29422626
64.65646297
65.11236253
65.62810137
66.18821222
66.78250409
67.4037741
68.03461078
68.68348017
69.34717393
70.01586572
70.67084645
71.31264036
71.94173988
72.55860824
73.16368192
73.75737268
74.34006954
74.9121405
75.47393405
76.02578065
76.56799397
77.10087209
77.62469853
78.13974328
78.64626362
79.14450501
79.63560914
80.12027339
80.59865554
81.07090717
81.537174
81.99759619
82.45230864
82.90144127
83.34511927
83.78346332
84.21658986
84.64461125
85.06763599
85.48576889
85.89911127
86.30776111
86.71181317
87.11135919
87.50648798
87.89728558
88.28383535
88.66621814
89.04451231
89.41879391
89.78913676
90.15561249
90.51829071
90.87723903
91.23252316
91.58420697
91.9323526
92.27702048
92.61826941
92.95615664
93.29073791
93.62206749
93.95019827
94.27518179
94.59706827
94.91590668
95.23174479
95.5446292
95.85460535
96.16171762
96.46600932
96.76752273
97.06629916
97.36237896
97.65580153
97.94660541
98.23482826
98.52050688
98.80367729
99.08485672
99.36409591
99.64141804
99.91684584
100.1904016
100.4621072
100.7319841
100.8472272
100.025984
99.1995489
98.36789241
97.53098062
96.68877526
95.84123346
94.98830756
94.12994491
93.26608767
92.39667256
91.52362054
90.64626779
89.76447271
88.87808817
87.98696116
87.09093244
86.18983613
85.28349924
84.37174119
83.45437334
82.53119837
81.60662658
80.68006207
79.75142115
78.82062147
77.88758272
76.95222749
76.01427526
75.07654775
74.13941796
73.20335522
72.26894987
71.33981822
70.41054608
69.48150639
68.55316934
67.62612694
66.71189705
65.80873809
64.92036161
64.05184859
63.21035647
62.40637118
61.57829066
60.76340332
59.96534499
59.18893336
58.44072259
57.68499042
56.93029949
56.1772664
55.42665532
54.67941646
53.92396017
53.17115804
52.42217204
51.67847756
51.00374182
50.3521206
49.73134859
49.15291431
48.63551218
48.09994724
47.56940966
47.04582771
46.5317957
46.03089116
45.54822327
45.09148332
44.67330521
44.31836332
44.2771003
44.23583728
44.61324291
45.02621865
45.46387939
45.91928481
46.38768651
46.86568723
47.35078067
47.84107644
48.33512493
48.83180049
49.33022059
49.82968832
50.32965036
50.82966588
51.32938293
51.82852041
52.32685417
52.82420596
53.32043489
53.94820312
54.64320617
55.38395392
56.15700913
57.05527939
58.00738241
58.98639057
59.943443
60.86792262
61.76189094
62.62720553
63.46554718
64.27844265
65.06728379
65.8333436
66.57850762
67.30680144
66.59513672
65.83593203
65.12321682
64.44999459
63.8299035
63.28524101
62.78536389
62.32612491
61.92158727
61.59868581
61.54854892
61.49841204
61.75857932
62.06613885
62.40928863
62.78052058
63.17457844
63.58756294
64.01646692
64.4589057
64.91294828
65.37700535
65.84975175
66.33007073
66.8170129
67.38734669
68.01234963
68.67705019
69.35974125
70.028173
70.68290375
71.32445713
71.95332498
72.56997004
73.17482828
73.76831105
74.35080696
74.92268362
75.48428918
76.03595377
76.57799076
77.11069796
77.63435862
78.14924249
78.65560662
79.15369627
79.64467917
80.12922519
80.60749199
81.07963103
81.54578792
82.00610273
82.46071026
82.90974034
83.35331807
83.79156406
84.22459466
84.65252217
85.075455
85.49349792
85.90675216
86.31531565
86.7192831
87.11874618
87.51379366
87.90451153
88.2909831
88.67328915
89.05150802
89.42571572
89.79598602
90.16239051
90.52499877
90.88387836
91.23909497
91.59071243
91.93879285
92.28339662
92.62458253
92.96240779
93.2969281
93.62819773
93.95626953
94.281195
94.60302436
94.92180655
95.23758933
95.55041924
95.86034174
96.16740118
96.47164083
96.77310298
97.07182891
97.36785893
97.66123247
97.95198802
98.24016322
98.52579488
98.80891899
99.09006216
99.36926553
99.64655226
99.92194507
100.1954663
100.4671377
100.7369808
101.0050167
101.2712661
101.5357492
101.7984861
102.0594962
102.3187988
102.5764128
102.8323567
103.0866488
103.339307
103.5903489
103.8397918
104.0876528
104.3339485
104.5786954
104.8219097
105.0636072
105.3038037
105.5425145
105.7797548
106.0155394
106.2498831
106.4828002
106.714305
106.9444114
107.1731332
107.400484
107.626477
107.8511255
108.0744424
108.2964403
108.5171319
108.7365295
108.9546454
109.1714914
109.3870795
109.6014212
109.8145282
110.0264116
110.2370827
110.4465525
110.6548317
110.8619312
111.0678614
111.2726327
111.4762554
111.6787396
111.8800953
112.0803324
112.2794604
111.8453596
110.8767598
109.9077423
108.9382276
107.9681337
106.9973762
106.0258681
105.0535199
104.0802391
103.1059303
102.1304949
101.1538312
100.1758338
99.19639371
98.21539816
97.23273021
96.2482686
95.2618875
94.27345625
93.28283902
92.28989454
91.29447573
90.29642936
89.29559563
88.29545466
87.2927396
86.28742216
85.27953043
84.26918719
83.25668054
82.24057347
81.22116648
80.1984406
79.17243499
78.14327738
77.11123316
76.07703351
75.03895384
73.99707035
72.95155849
71.90273989
70.85115543
69.79493812
68.7346423
67.67066111
66.6036313
65.5345545
64.46499406
63.3849281
62.30111577
61.2145663
60.12682714
59.04027401
57.95383285
56.86922114
55.79028664
54.72302609
53.69313738
52.6816267
51.6999081
50.76687731
49.872862
49.04774662
48.34092145
47.89101404
47.29100526
46.71567319
46.17473122
45.68393098
45.27354961
45.04970985
45.00811824
44.96652663
45.13466682
45.32831607
45.53669519
45.75428005
45.97782281
46.20527236
46.43527637
46.66691778
46.89956264
47.13276678
47.36621608
47.59968699
47.83301989
48.06610071
48.2988481
48.53120443
48.76312928
48.99459482
49.2255825
49.45608053
49.68608217
49.91558438
50.14458687
50.37309135
50.73299514
51.16502446
51.64635677
52.16374136
52.70846373
53.27438011
53.87417722
54.52529769
55.21346451
55.91329762
56.63466249
57.37248086
58.15204118
58.96402078
59.81401164
60.658347
61.49716845
62.33062137
63.16334858
63.98534059
64.78278607
65.55699959
66.30918592
67.04353464
67.76148469
68.46373528
69.15093822
69.82370232
70.48259724
71.12815697
71.76088283
72.38124629
72.98969133
73.58663665
74.17247769
74.74758835
75.31232262
75.86701605
76.41198705
76.94753808
77.47395679
77.99151698
78.50047953
79.00109323
79.49409224
79.98060448
80.46078959
80.93480091
81.40278583
81.86488608
82.32123806
82.7719731
83.21721773
83.65709393
84.09171934
84.52120746
84.94566791
85.36520654
85.77992568
86.18992423
86.59529789
86.99613925
87.39253797
87.78458086
88.17235206
88.55593312
88.93540312
89.31083877
89.68231451
90.04990262
90.41367328
90.77369465
91.130033
91.48275272
91.83191645
92.1775851
92.51981794
92.85867267
93.19420545
93.52647097
93.85552252
94.18141202
94.50419007
94.82390601
95.14060794
95.45434279
95.76515634
96.07309327
96.3781972
96.6805107
96.98007536
97.2769318
97.5711197
97.86267785
98.15164414
98.43805564
98.72194858
99.00369383
99.28349206
99.56136656
99.8373402
100.1114354
100.3836741
100.654078
100.9226682
101.1894656
101.4544905
101.717763
101.9793027
102.2391291
102.4972611
102.7537174
103.0085162
103.2616757
103.5132135
103.763147
104.0114933
104.2582692
104.5034913
104.7471758
104.9893388
105.2299959
105.4199649
105.0494889
104.6949852
104.3584729
104.0425738
103.7419605
103.4477101
103.1603631
102.8805517
102.609026
102.3466921
102.0946699
101.8543865
101.6277376
101.4174033
101.227579
101.0663062
100.9920285
100.9177508
100.9383356
100.9843342
101.0492609
101.1294756
101.2225703
101.3268053
101.440851
101.563652
101.6943458
101.8322128
101.9766422
102.127108
102.2831525
102.4443736
102.6104149
102.7809584
102.9557189
103.134439
103.3168855
103.5233311
103.7469835
103.9860016
104.2329384
104.4783197
104.7221618
104.9644806
105.205292
105.4446114
105.6824541
105.918835
106.153769
106.3872705
106.6193539
106.8500332
107.0793223
107.3072347
107.533784
107.7589834
107.9828458
108.2053842
108.426611
108.6465388
108.8651799
109.0825462
109.2986497
109.2846155
108.564777
107.8138906
107.0381912
106.2412476
105.4259023
104.5944525
103.7487769
102.8904255
102.0109695
101.1144243
100.204164
99.28261636
98.35156518
97.41234087
96.4659466
95.5046322
94.53369312
93.55598809
92.57299377
91.58551288
90.5939859
89.59889536
88.60078965
87.59949904
86.59484605
85.58664489
84.57470092
83.55880997
82.53722093
81.51213019
80.48377186
79.45285871
78.42145143
77.39668658
76.36831479
75.33830564
74.30769517
73.27818183
72.25262727
71.23488311
70.21738646
69.20149481
68.18916094
67.1832425
66.1747957
65.16604297
64.15802569
63.15216288
62.15680733
61.16398958
60.1756655
59.19450764
58.22422377
57.22516231
56.22723292
55.23225793
54.25493339
53.26864116
52.2729247
51.26730679
50.23438429
49.18973608
48.13273198
47.07263299
46.00142527
44.91900618
43.83492846
42.74376366
41.64746511
40.55783251
39.47891641
38.42297566
37.40909478
36.50208933
35.84593113
35.04277038
34.23948451
33.44171311
32.65927761
31.91045651
31.23437543
31.19760634
31.16083732
31.43603142
31.90343267
32.42888269
32.98053988
33.54423972
34.11260108
34.68148518
35.24848482
35.8121812
36.37174487
36.92670853
37.47683196
38.047332
38.65708924
39.2913024
39.9409203
40.60004003
41.26465459
41.93197135
42.75264759
43.63382183
44.55159806
45.45524626
46.37627145
47.30765938
48.23034601
49.15660114
50.08377567
51.00205869
51.91841719
52.85439498
53.78313365
54.70463111
55.61704126
56.52148334
57.41821396
58.30748906
59.17459698
60.03489932
60.88864183
61.73355043
62.56533745
63.38466448
64.19215054
64.98351691
65.75197024
66.49899898
67.22907536
67.94293706
68.64127069
69.3243817
69.98243234
70.6146684
71.2202172
71.7980713
72.35027864
72.87355041
73.36653803
73.82766567
73.78866526
73.26472127
72.74113657
72.24768564
71.77937177
71.34154041
70.94182957
70.59230282
70.21868455
69.85639412
69.50735278
69.17404469
68.8598127
68.5694307
68.31041663
68.09715793
68.04328725
67.98941658
68.13968801
68.38149703
68.68185664
69.02553002
69.40326803
69.770624
70.14104693
70.51422909
70.8898975
71.26780936
71.64774813
72.02952021
72.41295221
72.79788849
73.18418915
73.57172825
74.00310524
74.47263259
74.97294747
75.49863742
76.04556196
76.58743246
77.11997827
77.64348239
78.15821435
78.66443098
79.16237733
79.65324577
80.13768014
80.61583801
81.08787073
81.55392381
82.01413721
82.46864566
82.9175789
83.36106194
83.79921533
84.23215534
84.65999418
85.08284022
85.50079816
85.91396917
86.32245112
86.72633866
87.12572342
87.52069411
87.91133668
88.29773438
88.67996797
89.05811574
89.43225364
89.80245542
90.16879264
90.53133482
90.89014951
91.24530234
91.59685714
91.94487597
92.28941921
92.63054559
92.96831232
93.30277507
93.63398807
93.96200416
94.28687482
94.60865023
94.92737933
95.24310983
95.55588829
95.86576012
96.17276965
96.47696015
96.77837388
97.07705211
97.37303513
97.66636235
97.95707225
98.24520246
98.53078977
98.81387014
99.09497906
99.37414859
99.65140189
99.92676166
100.2002502
100.4718894
100.7417006
101.009705
101.2759232
101.5403755
101.8030818
102.0640618
102.3233346
102.5809191
102.8368339
103.0910972
103.3437269
103.5947406
103.8441556
104.0919889
104.3382573
104.5829772
104.8261647
105.0678358
105.308006
105.5466909
105.7839055
106.0196647
106.2539832
106.4868755
106.7183556
106.9484376
107.1771352
107.404462
107.6304314
107.8550564
108.0783499
108.3003249
108.5209936
108.7403687
108.9584621
109.175286
109.3908521
109.6051721
109.8182574
110.0301195
110.2407694
110.4502182
110.6584766
110.8655555
111.0714652
111.2762163
111.479819
111.6822833
111.8836193
112.0838368
112.2829454
112.4809549
112.6778746
112.8737138
113.0684817
113.2621875
113.45484
113.6464482
113.8370206
114.0265661
114.215093
114.4026098
114.5891247
114.7746459
114.9591816
115.1427397
115.325328
115.5069545
115.6876267
115.8673522
116.0461386
116.2239933
116.4009236
116.5769367
116.7520398
116.92624
117.0995442
117.2719593
117.4434922
117.6141495
117.783938
117.9528642
118.1209347
118.2881559
118.4545341
118.6200756
118.7847866
118.9486734
119.1117419
119.2739982
119.4354482
119.5960978
119.7559529
119.9150191
120.0733022
120.2308078
120.3875414
120.5435086
120.6987148
120.8531654
121.0068657
121.159821
121.1689995
120.2678984
119.3656846
118.4623204
117.5577665
116.6519818
115.7449236
114.8357249
113.9244108
113.0109839
112.0954424
111.1777799
110.2579857
109.3379942
108.4170105
107.4949533
106.5717393
105.6472825
104.7214945
103.7942842
102.8655577
101.935218
101.0057871
100.0769878
99.14888482
98.22156052
97.29511837
96.36801983
95.44138402
94.51529
93.58983775
92.6651522
91.73901335
90.81378342
89.88966829
88.96692137
88.04663133
87.1255702
86.20372336
85.28108393
84.35765424
83.43026757
82.50192862
81.5726584
80.64249369
79.71445817
78.78607995
77.85752364
76.92899787
76.0006984
75.06978761
74.13617503
73.1997737
72.26595539
71.33435965
70.4058773
69.4816383
68.55985011
67.63844293
66.71793901
65.79899509
64.87992055
63.96388992
63.05214787
62.14628438
61.24577297
60.35641182
59.48196306
58.6275305
57.76126975
56.893947
56.02605651
55.15823674
54.2744136
53.38986565
52.50542737
51.65104184
50.80504718
49.97084739
49.15306294
48.32484144
47.52617116
46.77015881
46.05313797
45.34311898
44.64336815
43.95842083
43.29476606
42.66210992
42.04642251
41.43370419
40.82649943
40.2285031
39.6452488
39.0854317
38.56386388
38.11016118
38.07141708
38.03267298
38.32586697
38.62645999
38.93087645
39.23706639
39.54380928
39.85036248
40.15626936
40.46124895
40.76513022
41.06781192
41.36923757
41.66937961
41.96822923
42.26578984
42.56207272
42.85709427
43.15087404
43.44343356
43.73479547
44.02498295
44.31401938
44.66701218
45.0540452
45.46456088
45.89188584
46.33148162
46.78011625
47.2354147
47.69559173
48.15928268
48.62543099
49.09321063
49.63426836
50.23402319
50.87516679
51.54655531
52.22284396
52.91516189
53.61971439
54.3335925
55.05618801
55.78281352
56.51226869
57.24358687
58.00807448
58.79258455
59.59196349
60.40238165
61.22345018
62.04850364
62.87620388
63.70548839
64.51122141
65.29328345
66.05291554
66.79307019
67.51657407
68.22414379
68.91644694
69.59410664
70.2577056
70.90778968
71.54487114
72.16943139
72.7819236
73.38277494
73.97238862
74.55114575
75.11940701
75.67751412
76.22579123
76.76454616
77.29407153
77.81464579
78.32653417
78.82998952
79.32525785
79.81398297
80.29632678
80.77244475
81.24248627
81.70659498
82.1649091
82.61756166
83.06468082
83.50639009
83.94280857
84.37405118
84.80022884
85.22144869
85.63781423
86.04942555
86.45637941
86.85876946
87.25668636
87.65021788
88.03944906
88.42446234
88.80533763
89.18215244
89.554982
89.9238993
90.28897523
90.65027865
91.00787648
91.36183373
91.71221364
92.0590777
92.40248575
92.74249602
93.07916519
93.41254845
93.74269957
94.06967094
94.39351359
94.7142773
95.03201059
95.34676079
95.65857407
95.96749548
96.27356901
96.57683758
96.87734312
97.17512656
97.47022793
97.7626863
98.05253988
98.33982601
98.6245812
98.90700165
99.18746695
99.46600057
99.7426255
100.0173643
100.2902392
100.5612718
100.8304835
101.0978952
101.3635275
101.6274006
101.8895341
102.1499477
102.4086604
102.665691
102.9210579
103.1747793
103.4268729
103.6773563
103.9262466
104.1735608
104.4193156
104.6635272
104.9062117
105.147385
105.3870626
105.6252599
105.8619918
106.0972732
106.3311187
106.5635426
106.794559
107.024182
107.252425
107.4793017
107.7048252
107.9290087
108.151865
108.3734068
108.5936466
108.8125967
109.0302692
109.246676
109.461829
109.6757396
109.8884194
110.0998796
110.3101313
110.5191854
110.7270528
110.9337441
111.1392697
111.3436401
111.5468654
111.7489556
111.9499208
112.1497708
112.3485151
112.5461633
112.7427248
112.9382089
113.1326248
113.3259814
113.5182878
113.7095526
113.8997847
114.0889925
114.2771846
114.4643694
114.6505549
114.8357495
115.0199612
115.2031979
115.3854674
115.5667776
115.7471361
115.9265504
116.105028
116.2825764
116.4592027
116.6349142
116.8097181
116.9836214
117.1566309
117.3287537
117.4999964
117.6703658
117.8398686
118.0085113
118.1763003
118.3432421
118.5093431
118.6746094
118.8390473
119.002663
119.1654624
119.3274515
119.4886363
119.6490227
119.8086164
119.9674231
120.1254486
120.2826984
120.4391781
120.5948931
120.749849
120.904051
121.0575045
121.2102147
121.3621869
121.5134262
121.6639377
121.8137264
121.9627973
122.1111553
122.2588054
122.4057524
122.5520011
122.6975561
122.8424223
122.9866042
123.1301065
123.2729336
123.4150902
123.5565807
123.6974094
123.8375808
123.9770992
124.1159689
124.2541942
124.3917792
124.5287281
124.6650451
124.8007342
124.9357995
125.070245
125.2040747
125.3372925
125.4699023
125.6019079
125.7333133
125.8641222
125.9943383
126.1239654
126.2530072
126.3814673
126.5093493
126.6366569
126.7633935
126.8895628
127.0151682
127.1402131
127.264701
127.3886353
127.5120194
127.6348566
127.7571502
127.8789035
128.0001197
128.1208022
128.240954
128.3605783
128.4796784
128.5982572
128.7163179
128.8338636
128.9508973
129.067422
129.1834407
129.2989563
129.4139718
129.5284901
129.6425141
129.7560466
129.8690906
129.9816487
130.0937238
130.2053187
130.3164361
130.4270787
130.5372492
130.6469504
130.7561849
130.8649552
130.9732641
131.0811142
131.1885079
131.2954479
131.3805958
131.3805958
131.3805958
131.3805958
131.3805958
131.3805958
131.3805958
130.6208968
129.6586089
128.697482
127.7374918
126.7786158
125.8208329
124.8641244
123.9087842
122.9544219
122.0010177
121.0485544
120.0970179
119.1463975
118.1964147
117.2468032
116.2975091
115.3484774
114.3996522
113.4509764
112.5012458
111.550493
110.5986746
109.6457437
108.6916499
107.7363388
106.7797526
105.8218294
104.8625038
103.9017063
102.9393636
101.9737407
101.0052529
100.0341385
99.06054326
98.084547
97.10618087
96.12636283
95.14450639
94.16048205
93.17415518
92.18538569
91.18969802
90.19136631
89.19023003
88.18612165
87.17886608
86.16828024
85.15417245
84.13634185
83.11457772
82.08865876
81.06741036
80.04382237
79.01873155
77.99381788
76.96405206
75.93203969
74.89857357
73.86498113
72.83352802
71.79524173
70.75544406
69.71527986
68.67650661
67.64031464
66.60373491
65.56823652
64.53595744
63.5058958
62.47652488
61.44963545
60.42776098
59.40984595
58.39604482
57.38940935
56.39428523
55.40030729
54.4119259
53.4326215
52.46729791
51.47785922
50.47787956
49.46676611
48.50157233
47.58072441
46.73257747
46.01392697
45.21958733
44.41460199
43.59806929
42.76895437
41.92605954
41.06798617
40.19308524
39.36390057
38.67149957
38.6325509
38.59360222
38.66835637
38.95215435
39.29090775
39.65950615
40.04606138
40.44381311
40.84856184
41.25756091
41.66895385
42.08145815
42.49417499
42.90646894
43.31788911
43.72811593
44.22247388
44.75320006
45.30954803
45.88437707
46.47267944
47.07081518
47.67607074
48.33869256
49.03765508
49.76271799
50.50677328
51.29973082
52.13663438
53.00268336
53.88826064
54.79073268
55.71445996
56.65146738
57.5964041
58.55609152
59.52642257
60.46496912
61.37212411
62.24983119
63.0998459
63.92376024
64.72302328
65.49895849
66.25277854
66.98840146
67.70757058
68.41098891
69.0993117
69.77315088
70.43307895
71.07963248
71.71331521
72.33460074
72.94393507
73.54173877
74.12840896
74.70432111
75.26983068
75.82527457
76.37097244
76.90722793
77.43432977
77.95255277
78.46215878
78.96339748
79.45689564
79.94389464
80.42455462
80.89902938
81.36746676
81.83000889
82.28679258
82.73794954
83.18360665
83.62388621
84.0589062
84.48878043
84.9136188
85.33352744
85.74860894
86.15896246
86.56468393
86.96586619
87.36259908
87.75496967
88.14306226
88.52695861
88.90673799
89.28247727
89.65425107
90.02213182
90.38618986
90.74649351
91.10310918
91.45610139
91.80553292
92.1514648
92.49395643
92.83306562
93.16884864
93.50136031
93.83065402
94.15678178
94.47979429
94.79974098
95.11667006
95.43062854
95.74166228
96.04981605
96.35513354
96.6576574
96.95742931
97.25448994
97.54887905
97.8406355
98.12979724
98.41640141
98.70048429
98.98237828
99.26232347
99.54034317
99.81646029
100.0906973
100.3630762
100.6336186
100.9023457
101.1692784
101.4344371
101.6978419
101.9595125
102.2194683
102.4777282
102.734311
102.989235
103.2425183
103.4941785
103.7442332
103.9926994
104.2395939
104.4849334
104.728734
104.9710119
105.2117827
105.451062
105.688865
105.9252066
106.1601017
106.3935646
106.6256099
106.8562514
107.0855031
107.3133785
107.5398911
107.7650542
107.9888806
108.2113833
108.4325749
108.6524678
108.8710742
109.0884062
109.3044758
109.5192945
109.7328741
109.9452258
110.156361
110.3662906
110.5750255
110.7825766
110.9889543
111.1941692
111.3982316
111.6011517
111.8029394
112.0036047
112.2031573
112.4016068
112.5989628
112.7952345
112.9904314
113.1845624
113.3776366
113.5696629
113.7606501
113.9506068
114.1395415
114.3274627
114.5143788
114.7002979
114.8852282
115.0691777
115.2521544
115.434166
115.6152203
115.7953249
115.9744874
116.1527152
116.3300157
116.5063961
116.6818636
116.5306397
115.5630038
114.5953064
113.6274776
112.6594456
111.6911369
110.7224758
109.7533846
108.7859306
107.8178925
106.8491858
105.8797237
104.9094163
103.938127
102.9657542
101.9921994
101.017361
100.0411339
99.0634092
98.08219373
97.09928966
96.11457514
95.12792371
94.13920399
93.14827946
92.15500808
91.15924195
90.16082698
89.15960243
88.15540054
87.148046
86.13735546
85.12313697
84.10518938
83.08330167
82.05725219
81.02680792
79.99172356
78.95174056
77.90658608
76.85597181
75.79959268
74.73712539
73.66822685
72.59253237
71.50965364
70.42445324
69.33300143
68.23602823
67.13567467
66.02638924
64.91063457
63.78938901
62.66474325
61.5412386
60.41355743
59.28410277
58.15718967
57.04091618
55.90453992
54.76849397
53.63788944
52.52149826
51.42463183
50.33525614
49.26080727
48.21329581
47.18206096
46.17555681
45.21010615
44.31412014
43.41872584
42.55051647
41.72484249
40.98091105
40.23006568
39.47239293
38.7081456
37.93782558
37.1623113
36.38305947
35.60243578
34.75802154
33.91256473
33.07195026
32.24654528
31.45584696
30.74203507
30.70536006
30.66868504
31.10920605
31.55870783
32.01014447
32.4603045
32.90766233
33.35149877
33.79149972
34.22756071
34.65968733
35.08794293
35.51242049
35.93322715
36.35047577
36.76428011
37.17475227
37.58200128
38.22931117
38.9643264
39.75050346
40.56798889
41.40470765
42.20825995
43.02733703
43.8558952
44.68973219
45.59737662
46.53115532
47.4808076
48.37137914
49.24799643
50.11165063
50.96322676
51.80351876
52.63199731
53.44981449
54.25764362
55.05609539
55.84572556
56.64780826
57.45629457
58.269261
59.07664464
59.88527681
60.6943412
61.51992467
62.35875797
63.20538914
64.02611059
64.82235461
65.59542992
66.34653608
67.08004225
67.79718613
68.49866444
69.18512672
69.85717973
70.51539125
71.16029355
71.79238641
72.41213984
73.01999649
73.61637387
74.20166628
74.77624658
75.3404678
75.89466461
76.43915456
76.97423937
77.50020596
78.01732745
78.5258641
79.02606412
79.51873272
80.00492274
80.48479351
80.95849804
81.42618343
81.88799115
82.34405732
82.79451304
83.23948459
83.67909374
84.1134579
84.54269038
84.96690061
85.38619425
85.80067346
86.21043698
86.61558033
87.01619597
87.4123734
87.8041993
88.19175768
88.57512995
88.95439509
89.32962967
89.70090803
90.06830234
90.43188268
90.79171711
91.14787181
91.50041107
91.84939744
92.19489176
92.53695321
92.87563941
93.21100645
93.54310895
93.87200012
94.19773182
94.52035458
94.83991768
95.15646916
95.47005589
95.7807236
96.08851691
96.39347938
96.69565354
96.99508093
97.29180212
97.58585675
97.87728354
98.16612037
98.45240425
98.73617136
99.01781809
99.29751897
99.57529729
99.85117589
100.1251771
100.3973231
100.6676352
100.9361347
101.2028424
101.4677786
101.7309635
101.9924166
102.2521572
102.5102045
102.7665769
103.0212929
103.2743703
103.5258269
103.7756802
104.0239471
104.2706444
104.5157888
104.7593964
105.0014832
105.2420649
105.481157
105.7187747
105.954933
106.1896465
106.4229298
106.654797
106.8852624
107.1143396
107.3420423
107.5683839
107.7933775
108.0170362
108.2393727
108.4603997
108.6801295
108.8985744
108.047239
107.1227049
106.1993862
105.2773656
104.3567443
103.4383027
102.521719
101.607205
100.6950167
99.78546349
98.8772842
97.97068587
97.06584428
96.16296944
95.26231217
94.362818
93.46610198
92.57258121
91.68275782
90.79723886
89.91458333
89.03795839
88.16851935
87.30770835
86.46230983
85.62261552
84.78949907
83.96400976
83.14741686
82.32806056
81.51915428
80.72264683
79.94097521
79.18948945
78.46333674
77.76906614
77.11590809
76.48714825
75.86858
75.26151475
74.66751191
74.12073083
73.64166191
73.26485598
73.20792254
73.15098911
73.26732186
73.44576916
73.66656649
73.91979902
74.19924041
74.50053738
74.82044577
75.18569661
75.58450413
76.01100411
76.46081258
76.99552594
77.52113231
78.03790426
78.54610157
79.04597197
79.5383773
80.02431058
80.50393085
80.97739092
81.44483763
81.90641223
82.36225064
82.81248377
83.2572377
83.69663402
84.13078998
84.55981874
84.98382955
85.40292795
85.81721594
86.22679213
86.63175193
87.03218767
87.42818873
87.27590348
86.44803802
85.64273504
84.85433605
84.08670996
83.34501968
82.63406171
81.93636777
81.25393325
80.58919965
79.94520166
79.30571311
78.68999829
78.10278545
77.55040982
77.04179967
76.5350493
76.04610324
75.57781123
75.13384237
74.7191134
74.32202119
73.96405145
73.65859002
73.43564588
73.37861002
73.32157419
73.38010897
73.4704347
73.58258878
73.71136278
73.8534499
74.00653371
74.16889113
74.33918735
74.51635763
74.69953378
74.88799558
75.08113732
75.27844381
75.47947279
75.68384156
75.89121679
76.10130641
76.31385325
76.52862987
76.74543431
76.99942762
77.28874433
77.60681954
77.94899605
78.31176972
78.70099669
79.10562887
79.52388656
79.9542775
80.39553433
80.85019388
81.31402191
81.7772334
82.23467101
82.68646702
83.13274887
83.4705328
82.91291118
82.35209792
81.78792442
81.22021453
80.64878408
80.07344059
79.49398281
78.92301715
78.36045954
77.80721655
77.26434343
76.73307927
76.2134321
75.70836972
75.21999211
74.7509088
74.30444796
73.88431191
73.49820452
73.15586445
72.87489211
72.70885611
72.52062353
72.33169558
72.14193379
71.95117369
71.75922066
71.56584538
71.37077916
71.17370916
70.97427392
70.77205944
70.56659617
70.35735728
70.14375864
69.92516055
69.70087156
69.47015392
69.23223069
68.98629383
68.7315128
68.46704305
68.19203406
67.90563628
67.60700705
67.29531509
66.96974378
66.62949324
66.27378129
65.9018436
65.51293298
65.12237581
64.7290839
64.33279629
63.93322576
63.53005634
63.12294069
62.7114974
62.29530808
61.87391447
61.44681543
61.01346394
60.5732641
60.12556823
59.66967401
59.22253697
58.78422317
58.35655062
57.94184939
57.54318896
57.16477078
56.81268401
56.49662587
56.23522953
56.18804561
56.00121332
55.77375974
55.54599546
55.3179202
55.08953573
54.8608466
54.63186122
54.40259332
54.17306403
53.94330471
53.71336105
53.48329875
53.2532118
53.02323423
52.79355752
52.5644563
52.33632752
52.10975177
51.88559324
51.66517266
51.45059297
51.24544064
51.05669403
51.01221396
50.96773389
51.00506055
51.11047105
51.2410791
51.38631436
51.54098499
51.70204985
51.86756603
52.03622719
52.20712537
52.37961501
52.55322957
52.72762782
52.90255791
53.07783273
53.25331254
53.4288926
53.60449423
53.78005824
53.95554012
54.13090645
54.30613221
54.4811988
54.65609251
54.83080336
55.00532423
55.17965023
55.35377814
55.52770605
55.70143307
55.87495908
56.04828455
56.22141041
56.46285179
56.75028721
57.07103792
57.41736286
57.78398827
58.16708308
58.56374434
58.97170569
59.38915814
59.83761369
60.31656097
60.81997986
61.34338319
61.88331127
62.42693001
62.98221835
63.54738161
64.12093525
64.70163914
65.33732844
66.01422008
66.72168964
67.44678372
68.15587605
68.84963877
69.52869916
70.1936437
70.8450217
71.48334856
72.10910858
72.72275758
73.32472517
73.91541681
74.49521569
75.0644844
75.62356646
76.17278766
76.71245738
77.24286967
77.76430431
78.27702777
78.7812941
79.27734566
79.76670038
80.24965833
80.72637557
81.19700209
81.66168206
82.12055422
82.57375208
83.02140429
83.46363477
83.90056307
84.33230449
84.75897034
85.1806681
85.59750165
86.00957137
86.41697435
86.81980455
87.2181529
87.61210745
88.0017535
88.38717374
88.76844832
89.14565498
89.51886916
89.88816408
90.25361082
90.61527843
90.97323402
91.32754278
91.67826813
92.02547172
92.36921355
92.709552
93.04654389
93.38024457
93.71070794
94.03798651
94.36213146
94.68319268
95.00121881
95.31625729
95.62835441
95.93755533
96.24390413
96.54744383
96.84821647
97.14626308
97.44162375
97.73433765
98.02444309
98.31197748
98.59697742
98.87958951
99.16024414
99.43896482
99.71577459
99.99069608
100.2637515
100.5349625
100.8043506
101.0719367
101.3377413
101.6017848
101.8640869
102.1246671
102.3835445
102.6407381
102.8962662
103.150147
103.4023983
103.6530377
103.9020824
104.1495494
104.3954552
104.6398164
104.8826489
105.1239687
105.3637912
105.6021319
105.8390059
106.0744279
106.3084125
106.5409742
106.7721271
107.0018851
107.2302619
107.457271
107.6829257
107.9072392
108.1302241
108.3518934
108.5722594
108.7913345
109.0091309
109.2256604
109.440935
109.6549661
109.8677652
110.0793436
110.2897125
110.4988828
110.7068652
110.9136705
111.1193092
111.3237916
111.5271279
111.7293283
111.9304026
112.1303607
112.3292122
112.5269667
112.7236337
112.9192223
113.1137417
113.3072011
113.4996094
113.6909753
113.8813075
114.0706147
114.2589053
114.4461878
114.6324703
114.817761
115.002068
115.1853993
115.3677627
115.5491659
115.7296167
115.9091226
116.0876911
116.2653296
116.4420454
116.6178457
116.7927377
116.9667283
117.1398246
117.3120334
117.4833615
117.6538157
117.8234025
117.9921287
118.1600005
118.3270246
118.4932071
118.6585544
118.8230727
118.9867682
119.1496468
119.3117145
119.4729774
119.6334413
119.7931119
119.951995
120.1100963
120.2674214
120.4239758
120.5797651
120.7347946
120.8890698
121.0425959
121.1953783
121.3474221
121.4987326
121.6493147
121.7991735
121.9483141
122.0967413
122.2444601
122.3914754
122.5377918
122.6834142
122.8283472
122.9725956
122.2290352
121.2604353
120.2921516
119.3241236
118.3562895
117.3885858
116.4209476
115.4533082
114.4855994
113.5177512
112.5496916
111.5813468
110.6126409
109.6434959
108.6738315
107.7035652
106.7326118
105.7608837
104.7882905
103.814739
102.840133
101.864373
100.8873563
99.90897657
98.94228822
97.9770257
97.01434221
96.05624128
95.10022368
94.14768723
93.200337
92.26082148
91.33345389
90.40814553
89.49251331
88.59037441
87.70755224
86.85941763
86.02971656
85.22401248
84.45033028
83.72084729
82.9883976
82.29224404
81.64428305
81.06344267
80.54387534
80.04328297
79.56464566
79.11180284
78.69421073
78.3132882
77.97980434
77.71426425
77.65464112
77.595018
77.8559175
78.19113136
78.58000017
79.01041331
79.47424942
79.96102127
80.44145965
80.91571815
81.38394439
81.84628033
82.30286257
82.75382264
83.19928728
83.42754023
82.41160848
81.39114269
80.36590691
79.36767333
78.38521848
77.44244614
76.62991043
75.75355814
74.90665839
74.10292325
73.34957514
72.61857731
71.91540534
71.24755357
70.59368821
69.98804631
69.44848956
69.00773701
68.58551863
68.23746668
68.02431071
67.97048264
67.91665463
67.9934485
68.1047087
68.23935823
68.39160816
68.55779363
68.7353578
68.92240791
69.11748561
69.31943437
69.52731698
69.74036101
69.95792121
70.17945262
70.40449075
70.63263666
70.86354547
71.09691733
71.33249031
71.63299014
71.97972591
72.36273027
72.77523801
73.21578716
73.67650289
74.15453844
74.64758602
75.15374195
75.70063025
76.24850322
76.78686654
77.31601221
77.83621813
78.34774897
78.8508571
79.34584817
79.83430293
80.31638303
80.79224365
81.26203396
81.72589735
82.18397182
82.63639019
83.08328041
83.52476583
83.96096535
84.39199372
84.8179617
85.23897628
85.65514081
86.06655522
86.47331616
86.87551715
87.27324871
87.66659851
88.05565148
88.44048994
88.8211937
89.19784018
89.5705045
89.79049641
89.12355121
88.47281638
87.84065645
87.2299928
86.66137621
86.12374413
85.62386627
85.17154325
84.78259031
84.36914597
83.96054135
83.55716911
83.1594735
82.76796
82.38320756
82.00588435
81.63676854
81.27677639
80.92188398
80.56185414
80.19641196
79.82527454
79.44815124
79.06474382
78.67474673
78.27784723
77.87372568
77.46205567
77.04250425
76.614732
76.17839324
75.73313606
75.27860241
74.81442809
74.34024273
73.85566968
73.36032591
72.85382175
72.36102332
71.88843002
71.43978453
71.02011824
70.63661255
70.26421152
69.9011251
69.54882589
69.20916584
68.88454179
68.57818221
68.29470172
68.04137295
67.83211727
67.77840165
67.72468603
67.73126782
67.77192512
67.8295589
67.89831673
67.97504439
68.05775294
68.14507948
68.23604077
68.32990237
68.42610193
68.52420084
68.62385212
68.72477828
68.82675541
68.92960155
69.03316795
69.13733245
69.24199432
69.34707017
69.45249081
69.55819869
69.66414581
69.77029208
69.87660399
69.98305343
70.08961685
70.19627449
70.30300974
70.40980863
70.51665944
70.62355229
70.73047888
70.83743224
70.94440649
71.05139672
71.15839879
71.26540923
71.37242516
71.47944417
71.58646424
71.69348371
71.80050123
71.90751566
72.0145261
72.12153182
72.22853225
72.33552694
72.44251555
72.54949786
72.75297546
73.01314389
73.31530031
73.65067869
74.01332267
74.39841118
74.80278328
75.22385104
75.65951101
76.10802215
76.56956345
77.04148689
77.52269252
78.01223041
78.50927428
79.00974464
79.50262915
79.98902973
80.46910591
80.94301093
81.41089205
81.87289093
82.32914388
82.77978213
83.22493214
83.6647158
84.09925068
84.52865023
84.95302397
85.37247771
85.78711371
86.19703083
86.60232469
87.00308784
87.39940988
87.79137758
88.17907504
88.56258376
88.94198277
89.31734876
89.68875611
90.05627707
90.41998178
90.77993838
91.1362131
91.4888703
91.83797258
92.18358082
92.52575428
92.86455062
93.20002597
93.53223501
93.86123099
94.18706582
94.50979007
94.82945305
95.14610285
95.45978638
95.7705494
96.07843657
96.38349149
96.68575672
96.98527382
97.2820834
97.57622512
97.86773776
98.1566592
98.44302648
98.72687582
99.00858694
99.28835144
99.56619262
99.84213333
100.116196
100.3884026
100.6587747
100.9273335
101.1940997
101.4590939
101.722336
101.9838458
102.2436425
102.5017451
102.7581723
103.0129424
103.2660735
103.5175832
103.7674888
104.0158076
104.2625564
104.5077515
104.7514094
104.993546
105.2341769
105.4733178
105.7109837
105.9471897
106.1819505
106.4152806
106.6471942
106.8777055
107.1068281
107.3345758
107.5609619
107.7859997
108.0097021
108.012604
