0
-2.71666367
-3.879603044
-4.634837556
-5.208789553
-5.673388354
-6.171620964
-6.755147785
-6.956305068
-7.433154246
-7.593663944
-7.94434935
-8.253253795
-8.58032825
-8.898131515
-9.116446669
-9.421707977
-9.726077497
-9.895902396
-10.18534166
-10.32364969
-10.8058971
-11.22133004
-11.97031477
-13.02876546
-13.31252802
-14.05542988
-13.99441909
-14.05425821
-14.15780779
-14.27979791
-14.41240303
-14.55385498
-14.70480929
-14.86746877
-15.04615354
-15.28394576
-15.89313092
-15.66300657
-15.52389081
-14.41180612
-13.64187073
-12.86141979
-12.70908238
-12.63088411
-12.56781242
-12.50576913
-12.44097853
-12.37294348
-12.30212483
-12.2980832
-12.10433009
-11.91293638
-11.62881349
-10.99873932
-10.49215548
-9.778927411
-9.05859837
-8.51357387
-7.983985289
-7.676332452
-7.181436211
-6.741812812
-6.336805464
-5.141362638
-4.455759769
-3.26075294
-2.374600115
-2.007486849
-1.717069348
-2.384627545
-0.812309576
-0.829005241
1.001221684
3.756347579
3.635660955
5.783522902
5.640315678
6.153345349
6.701486601
7.478927247
8.321111615
8.710089697
9.332406995
9.49743466
9.827703855
10.08490754
10.4855545
10.91282407
11.14599433
11.46469302
11.599805
11.74903737
11.91323549
12.09602806
12.3181839
12.68798846
12.77217741
12.94187042
12.80587298
12.62826664
12.46844396
12.32324317
12.18975836
12.0658025
11.94977288
11.84047606
11.74445722
11.63549648
11.5259099
11.39990552
11.26588564
11.13457023
11.00912611
10.89004429
10.86678976
10.59272646
10.36220866
9.890052234
9.385388948
8.950330678
8.550312369
8.223941367
7.966228376
7.621171935
7.351058505
6.998048368
6.699868713
6.380566352
6.135871397
5.869302087
5.658482589
5.461440837
5.333889062
5.177769623
5.075600179
4.973204539
4.798619885
4.668929117
4.482853691
4.326701227
4.175128583
4.080408549
3.960969862
3.887371081
3.807672997
3.684290725
3.597289333
3.479943143
3.391576745
3.315160804
3.248702421
3.177627854
3.111291871
3.039028584
2.966991528
2.902062742
2.833022481
2.769686747
2.702403212
2.641484395
2.570345186
2.501064892
2.421107493
2.338695646
2.268838426
2.178069986
2.095532204
1.992760107
1.890958658
1.80833504
1.700056276
1.608195689
1.492393776
1.383787923
1.278827149
1.20762896
1.150962168
1.126813604
1.121687313
1.305686629
0.809724342
0.828650176
0.276216725
0.092072242
0.030697716
0.010225579
0.003415495
0.001131505
0.000377168
0.000125723
4.19E-05
1.40E-05
4.66E-06
1.55E-06
7.72E-06
2.57E-06
8.06E-06
2.69E-06
8.96E-07
2.99E-07
9.95E-08
3.32E-08
1.11E-08
3.69E-09
1.23E-09
4.10E-10
1.37E-10
4.55E-11
1.52E-11
5.06E-12
1.69E-12
5.62E-13
1.87E-13
6.24E-14
2.08E-14
6.94E-15
2.31E-15
7.71E-16
2.57E-16
8.56E-17
2.85E-17
9.52E-18
3.17E-18
1.06E-18
3.52E-19
0.14931226
-0.241863096
-0.247277693
-0.719333274
-0.936945521
-1.083759271
-1.276272328
-1.370250105
-1.548626332
-1.63983173
-1.766388986
-1.925452036
-2.201913231
-2.31846427
-2.581634977
-2.691497941
-2.866407296
-3.101557221
-3.400890957
-3.681681311
-3.998151422
-4.27139952
-4.593539437
-4.881513719
-5.1926925
-5.455259863
-5.692399386
-5.962648141
-6.19417539
-6.466179214
-6.701815144
-6.954853723
-7.261092557
-7.534421654
-7.843751421
-8.113006181
-8.387696474
-8.743899635
-8.958545579
-9.252399969
-9.396770639
-9.52281429
-9.766038297
-9.948083736
-10.23656938
-10.49267402
-10.78636196
-10.9727749
-11.2893304
-11.56097218
-12.0835265
-12.41429251
-12.74302506
-12.77346804
-12.63606324
-12.46695837
-12.30325561
-12.15179659
-12.01242023
-11.88355696
-11.76362488
-11.6513092
-11.54556191
-11.44554808
-11.35059436
-11.26014952
-11.17375579
-11.09102811
-11.01163894
-10.93530697
-11.05747532
-10.61546049
-10.26885396
-9.409846711
-8.818120998
-7.378761722
-6.497265917
-4.952497594
-3.755072078
-3.047210094
-2.581488036
-3.327644058
-0.961392683
-0.931237465
1.854864839
4.615417989
5.128465387
7.144426334
7.402826188
8.134074788
8.750440038
9.680276341
10.68845706
11.2800029
12.03024767
12.3481296
12.58063255
12.79827574
13.02939569
13.31373698
13.75498185
13.94664422
14.21742337
14.19969153
14.12196956
14.05240046
13.9872929
13.92509284
13.86506665
13.80682094
13.75011858
13.6948027
13.64076215
13.58791397
13.53619358
13.48554883
13.43593623
13.38731846
13.33966264
13.29293923
13.24712114
13.20218324
13.1581019
13.11485475
13.07242043
13.03077846
12.98990911
13.02994722
12.8485694
12.68985618
12.31689367
11.92097212
11.49448418
11.15807192
10.81091116
10.53444357
10.37268908
10.03352836
9.688599312
9.161322012
8.636519565
7.965023429
7.443081213
6.81614212
6.41642605
5.678122808
5.192809845
4.410484724
3.781509664
3.368181268
2.858634407
2.480678689
2.005960683
1.587770825
1.306288754
1.131877629
1.041136151
1.017341581
1.166068449
0.727029519
0.734116657
0.244705552
0.081568517
0.027189506
0.009063169
0.003021056
0.001007019
0.000335673
0.000111891
3.73E-05
1.24E-05
4.14E-06
1.38E-06
4.60E-07
1.53E-07
5.12E-08
1.71E-08
5.68E-09
1.89E-09
6.32E-10
2.11E-10
7.02E-11
2.34E-11
7.80E-12
2.60E-12
8.66E-13
2.89E-13
9.63E-14
3.21E-14
1.07E-14
3.57E-15
1.19E-15
3.96E-16
1.32E-16
4.40E-17
1.47E-17
4.89E-18
1.63E-18
5.43E-19
1.81E-19
6.04E-20
2.01E-20
6.71E-21
2.24E-21
7.45E-22
2.48E-22
8.28E-23
2.76E-23
9.20E-24
3.07E-24
1.02E-24
3.41E-25
1.14E-25
3.79E-26
1.26E-26
4.21E-27
1.40E-27
4.68E-28
1.56E-28
5.20E-29
1.73E-29
-0.025389491
0.177077992
0.224447967
0.456709148
0.545232432
0.586430406
0.613033436
0.635290308
0.654969709
0.674208396
0.691514125
0.708638408
0.726195933
0.749781165
0.760420541
0.778879764
0.784781665
0.793051469
0.802221971
0.813455461
0.822162599
0.830078253
0.834454215
0.835989386
0.836568746
0.836820774
0.836955113
0.83704179
0.83710429
0.837150584
0.837183466
0.837204004
0.83947074
0.83683322
0.835273505
0.828495235
0.820504397
0.812246788
0.804032618
0.798002619
0.788184394
0.778986228
0.765654905
0.750949334
0.736235538
0.72193963
0.704130917
0.694686115
0.683629863
0.681372369
0.681507647
0.682435466
0.68362246
0.721491734
0.4690151
0.421882722
0.140627543
0.046884154
0.015628081
0.005217666
0.001755894
0.000585298
0.00019507
7.34E-05
1.61E-05
5.33E-06
1.02E-05
3.43E-06
9.58E-06
2.00E-05
-1.65E-06
1.61E-05
-2.96E-06
-8.42E-07
7.76E-06
-5.53E-06
-1.70E-06
7.26E-06
-5.48E-06
-1.68E-06
7.04E-06
-5.33E-06
-1.63E-06
6.84E-06
2.13E-06
0.057069508
-0.198454612
-0.239800076
-0.543305055
-0.675292252
-0.755100103
-0.832115219
-0.896991198
-0.973044267
-1.042038334
-1.116084594
-1.200878852
-1.320080706
-1.416066577
-1.542121915
-1.643045324
-1.75337713
-1.880199242
-2.065074015
-2.186509193
-2.372956478
-2.497458368
-2.650624825
-2.832573346
-3.110507947
-3.259432562
-3.524319929
-3.664028103
-3.854983515
-4.088917925
-4.396762438
-4.667014261
-4.981632817
-5.242064126
-5.501177712
-5.82079335
-6.123692667
-6.486322894
-6.841736954
-7.232220703
-7.842798292
-8.024275201
-8.528537414
-8.626744335
-8.847323026
-9.322117005
-9.637525642
-10.10740203
-10.40943408
-10.6941289
-10.88614204
-11.16371526
-11.39121887
-11.72440857
-12.27173432
-12.48427415
-12.8330741
-12.80632656
-12.7393494
-12.68330634
-12.63205642
-12.58340847
-12.53652044
-12.49102377
-12.44672532
-12.40350377
-12.36127182
-12.31996138
-12.27951682
-12.23989146
-12.20104538
-12.16294397
-12.12555679
-12.08885677
-12.05281961
-12.01742323
-11.98264742
-12.00305949
-11.87623475
-11.75586649
-11.48719448
-11.26056334
-10.7995236
-10.45160169
-9.903666078
-9.487180017
-8.887810941
-8.418829216
-7.778576875
-7.225064042
-6.679199186
-6.245415105
-5.806686576
-5.439470656
-5.117786494
-4.875407358
-4.603947489
-4.387019462
-4.168267264
-3.861646677
-3.636034881
-3.347112134
-3.115798493
-2.944645856
-2.736202394
-2.543612746
-2.311155405
-2.078147506
-1.848360925
-1.743483613
-1.635047064
-1.634518474
-1.936365551
-1.194120531
-1.244780914
-0.414926971
-0.13830899
-0.313455908
0.352767402
0.375357593
1.196319618
1.65631709
2.292192525
2.650232904
3.277182982
3.636372689
4.011391252
4.548970298
4.909305091
5.409100972
5.717072279
6.025616517
6.423373905
6.701877727
7.07525397
7.326409243
7.605916012
7.977330934
8.227252381
8.522996218
8.671951401
8.761760171
8.94308635
9.051255447
9.247124613
9.39515005
9.532949781
9.702216937
9.766740685
9.924153872
9.999921264
10.1532787
10.37954343
10.53415246
10.70306672
10.77179375
10.80419386
10.82461365
10.84117081
10.8565735
10.8717269
10.88693538
10.90230331
10.91786873
10.933648
10.94965083
10.96588547
10.98236068
10.99908672
11.0160761
11.03334451
11.05091194
11.06880429
11.0870556
11.1057114
11.12483364
11.14450832
11.16485812
11.18606474
11.20841387
11.2324083
11.26313168
11.31846306
11.33702462
11.35007164
11.31854525
11.26027252
11.20278444
11.14978727
11.10120227
11.05633043
11.01450874
10.97521324
10.93804339
10.90269085
10.86891391
10.83651935
10.80535
10.77527604
10.74618896
10.71799704
10.65008012
10.5485079
10.46747638
10.37934166
10.36072921
10.37180243
10.39234776
10.41554753
10.43904114
10.46194475
10.48385725
10.50452802
10.52374552
10.54129923
10.55696609
10.57332986
10.56433295
10.59518014
10.61540831
10.67940981
10.76001606
10.8482977
10.94141894
11.03512806
11.14619064
11.25315352
11.3765811
11.49985733
11.627285
11.76077112
11.90152215
12.04973475
12.2094099
12.38413404
12.57668082
12.79268319
13.03556383
13.33595878
13.80053249
14.06243724
14.24027668
14.13150796
13.80179254
13.4518155
13.12981868
12.78063103
12.66018308
12.45668966
12.44867395
12.39820113
12.3302806
12.25738256
12.18369637
12.11063942
12.0386957
11.96803062
11.90893465
11.82767483
11.73709584
11.61983539
11.48401463
11.34751295
11.21605798
11.12755166
10.9391232
10.77865178
10.52912679
10.21587523
10.01684712
9.801054837
9.697068414
9.632289513
9.580838825
9.534116062
9.478757859
9.462817269
9.419141859
9.408124162
9.37763977
9.340597305
9.301707657
9.262546564
9.217604962
9.19420884
9.157595872
9.139771147
9.113749456
9.084972685
9.055439438
9.02582438
9.000445654
8.959493327
8.932252237
8.892693274
8.863784397
8.838648458
8.814842496
8.791560609
8.768541691
8.754397462
8.720884114
8.677855519
8.610280653
8.533157908
8.415110499
8.326588113
8.209832223
8.117036806
8.025287393
7.968182633
7.890557739
7.840301438
7.775240947
7.706312983
7.637124353
7.568840511
7.501814953
7.454259498
7.354897029
7.270590833
7.134746401
6.997522901
6.883948974
6.723476167
6.56430907
6.355555172
6.131304642
5.938283417
5.614254964
5.293805703
4.855306164
4.571108259
3.834101254
3.399225795
2.615890735
2.037526647
1.599829075
1.385309887
1.202774639
1.163114404
1.506411892
0.47957435
0.434452328
-0.80171259
-1.367720847
-2.62756662
-2.674388722
-3.786624778
-3.832512058
-4.17028426
-4.700635761
-5.214835868
-5.814823037
-6.319164559
-7.085496843
-7.257743569
-7.844020349
-7.864848799
-8.040785344
-8.323772945
-8.623293693
-8.990844344
-9.388323358
-9.858298622
-10.25477143
-10.68180053
-10.98833084
-11.33611723
-11.66702498
-12.10172488
-12.67171013
-13.06113
-13.45117641
-13.57621587
-13.56137434
-13.49874202
-13.43628634
-13.37726752
-13.32163356
-13.26874066
-13.21798293
-13.1688976
-13.12114946
-13.07449785
-13.02876896
-12.98383586
-12.93960478
-12.89600576
-12.85298603
-12.81050543
-12.76853316
-12.72704532
-12.68602322
-12.64545208
-12.60532006
-12.56561753
-12.52633659
-12.48747056
-12.44901376
-12.41096124
-12.42988396
-12.29566693
-12.17045837
-11.8925754
-11.57885774
-11.26295348
-11.02864116
-10.77681958
-10.59404291
-10.40102826
-10.25185656
-10.00522396
-9.776029997
-9.449837034
-9.109910092
-8.803381352
-8.493668194
-8.184320017
-7.863759611
-7.529217592
-7.21702706
-6.935113732
-6.647529772
-6.379619188
-6.131601435
-5.776861978
-5.544183047
-5.232530043
-5.01499249
-4.816741357
-4.695858858
-4.58475957
-4.54339417
-4.52601612
-4.516268998
-4.494339843
-4.515748185
-4.523011752
-4.573090171
-4.623359581
-4.673625122
-4.723831462
-4.773990756
-4.824122965
-4.874263996
-4.918149891
-4.981197667
-5.037157697
-5.112303061
-5.186968126
-5.26213086
-5.347681356
-5.403832815
-5.475552247
-5.519313514
-5.569287678
-5.62144835
-5.674459672
-5.727882594
-5.781576986
-5.835502336
-5.854506908
-5.889818594
-5.885371952
-5.895482819
-5.900250138
-5.903095775
-5.91294881
-5.89369904
-5.895921776
-5.873834363
-5.866983721
-5.851434838
-5.874698808
-5.892573187
-5.951618222
-6.020958455
-6.105018018
-6.175163517
-6.237838301
-6.277866057
-6.297239303
-6.295555931
-6.325771765
-6.359538545
-6.435695467
-6.535347859
-6.646795979
-6.767975477
-6.903342842
-7.051285216
-7.206733756
-7.446308629
-7.601361376
-7.806234988
-7.921821941
-7.998969711
-8.069209004
-8.208824285
-8.389618542
-8.680199939
-9.096709216
-9.43716203
-9.835444034
-10.12690365
-10.40407831
-10.6929751
-11.0157333
-11.42875394
-11.74196004
-12.09842708
-12.32900847
-12.53112942
-12.73702842
-12.96213979
-13.24121268
-13.68158993
-13.86869493
-14.10517628
-14.04260591
-13.88916429
-13.74085499
-13.60431516
-13.47889562
-13.36274046
-13.25415796
-13.15183065
-13.05476562
-12.96221154
-12.87359063
-12.78845001
-12.76108854
-12.59925229
-12.41308781
-12.08483652
-11.6872722
-11.3143838
-10.97191817
-10.67471153
-10.42121102
-10.14515706
-9.925136457
-9.683693793
-9.578204057
-9.212523314
-8.925520512
-8.387917028
-7.848613344
-7.398895075
-6.995114041
-6.673903514
-6.446791608
-6.069018233
-5.784253867
-5.358709133
-4.979993961
-4.653123226
-4.388660963
-4.089413452
-3.830516179
-3.621437361
-3.136800323
-2.821437228
-2.299148312
-1.877523763
-1.602612422
-1.424663369
-1.33997919
-1.318792355
-1.560375722
-0.959678726
-1.004572571
-0.334857524
-0.111619175
-0.332899949
0.426674723
0.431716878
1.322608263
1.733716274
2.061268706
2.232524569
2.450635731
2.546515375
2.638888727
2.72927648
2.793359647
2.84647701
2.863913058
2.880827684
2.861694505
2.842887835
2.789699667
2.727172712
2.672600587
2.594824179
2.523594033
2.430385357
2.336934602
2.261810992
2.151988362
2.057880368
1.931526837
1.810986326
1.702197378
1.603399081
1.529753109
1.438227978
1.364513042
1.273807618
1.181651042
1.114074843
1.063300641
1.038549314
1.03274739
1.241675103
0.75839201
0.806935174
0.268978391
0.089659464
0.029886488
0.009969308
0.003315934
0.001112457
0.000363651
0.000121217
4.04E-05
1.35E-05
4.49E-06
1.50E-06
4.99E-07
1.66E-07
5.54E-08
1.85E-08
6.16E-09
2.05E-09
6.84E-10
2.28E-10
7.60E-11
2.53E-11
8.45E-12
2.82E-12
9.39E-13
3.13E-13
1.04E-13
-0.184617473
0.188521129
0.142552278
0.577847162
0.755137139
0.850472523
0.927123477
0.995076433
1.057288769
1.113574627
1.159311422
1.203382021
1.248946074
1.30714343
1.33624192
1.379821093
1.393925199
1.411409077
1.430305363
1.452539915
1.46956215
1.481800005
1.486008011
1.481804914
1.47487239
1.467102745
1.459125208
1.451148028
1.443239169
1.435419875
1.427695858
1.420067688
1.412534261
1.407346299
1.395679376
1.3831045
1.363271392
1.340304308
1.316926534
1.294009261
1.272645473
1.249481128
1.226644458
1.201731546
1.176338223
1.151558853
1.127706391
1.104150334
1.08431859
1.064114481
1.047278225
1.030515647
1.014162953
0.998312334
0.981432682
0.971097228
0.960279334
0.956021079
0.95267064
0.949635462
0.946717894
0.943799968
0.94117931
0.938315479
0.935668789
0.93280497
0.929882631
0.926954485
0.924037949
0.921138676
0.918258399
0.91539755
0.912556127
0.909733985
0.910580366
0.896348094
0.882005466
0.852348414
0.819752854
0.788009188
0.757081152
0.734808627
0.71774263
0.708399029
0.703696141
0.698944735
0.878254396
0.523034633
0.587428076
0.195809359
0.065269786
0.021756595
0.007252198
0.002417399
0.0008058
0.0002686
8.95E-05
2.98E-05
0.176104267
-0.180965692
-0.136184297
-0.550907635
-0.717258679
-0.804779323
-0.886628195
-0.919008108
-0.961153037
-0.956683229
-0.944323829
-0.929137192
-0.913910271
-0.900019496
-0.88739973
-0.876810851
-0.866880336
-1.031198741
-0.627832852
-0.664206312
-0.221402104
-0.073800701
-0.024600234
-0.008200078
-0.002733359
-0.00091112
-0.000303707
-0.294592378
0.426750784
0.419829787
1.294909739
1.706533848
1.99543902
2.474763154
2.532338741
2.918547106
2.91775502
3.052998106
3.297584374
3.50902408
3.782883963
4.006527526
4.204712709
4.622847549
4.894211581
5.344880949
5.67609539
6.054721628
6.276153579
6.631704024
6.861098243
7.177438248
7.66501057
7.90176258
8.368246036
8.60337608
9.005844064
9.451122743
9.88693874
10.29687563
10.63203041
10.94643628
11.29944696
11.68268048
12.20464939
12.59045862
13.04971645
13.33469189
13.58889803
13.84816621
14.12854464
14.42264385
14.91615945
15.24414668
15.70229581
15.97709272
16.19622804
16.40268409
16.61127752
16.82754086
17.0540795
17.29281593
17.5460054
17.81721329
18.20705672
18.96160892
19.0712399
19.31774233
18.88472542
18.2855096
17.79554035
17.37964854
17.01476614
16.68689239
16.38737767
16.26182068
15.7497776
15.32807267
14.11425366
13.17268154
12.09234995
11.14437836
10.42158538
9.618896701
8.686123761
7.868600483
6.888883394
6.141835715
5.425978236
5.021646765
4.722132643
4.463252513
4.334841112
4.19562456
4.174788375
4.180931461
4.18793696
4.208950391
4.230967571
4.251318682
4.269290973
4.284804862
4.297975265
4.323507532
4.306599945
4.292672855
4.256939036
4.145236785
4.050689521
3.89505017
3.748243099
3.612943608
3.443811954
3.296390783
3.057782503
2.856724318
2.634183358
2.420686779
2.263772025
2.107330333
1.970548839
1.914620624
1.843606062
1.827929424
1.832157956
1.839658949
1.875605152
1.924821575
1.986419639
2.065127248
2.16093295
2.305138384
2.408595618
2.547976191
2.64162297
2.755068384
2.841829879
2.932092479
2.998464798
3.022064425
3.045341717
3.033768788
3.021763014
2.983978034
2.946216306
2.884149417
2.822511972
2.741605231
2.663986386
2.569554
2.466091366
2.385165665
2.308125062
2.25547538
2.213565396
2.170478746
2.133573946
2.093867069
2.05264976
2.026831823
2.002908669
1.99504868
1.994378889
1.996050431
1.998448148
2.001034756
2.003632232
2.00618228
2.008666486
2.011079704
2.013421187
2.015691629
2.01789218
2.020024123
2.022088759
2.024087378
2.023467453
2.029281959
2.034121299
2.04598695
2.05967277
2.074015411
2.088628171
2.103386758
2.118250773
2.124273208
2.15278531
2.179101189
2.231166717
2.292188523
2.359591186
2.426885839
2.502761833
2.579874021
2.665639329
2.761696186
2.85472337
2.957181088
3.056556464
3.162107343
3.281826509
3.39041483
3.508904503
3.614237769
3.720810278
3.840479193
3.943335061
4.053454867
4.143837888
4.230638603
4.328111974
4.402688145
4.480920702
4.533052929
4.577026108
4.619057587
4.658832626
4.700255027
4.740635772
4.782620711
4.828201777
4.866347047
4.891655583
4.9041265
4.899000551
4.888187992
4.875330981
4.861638551
4.847508514
4.833068086
4.81835409
4.803373005
4.788120987
4.753759269
4.769893611
4.77915758
4.844673932
4.925888286
5.026985834
5.084254609
5.203135968
5.295362933
5.452488266
5.634617779
5.825460117
6.022698186
6.238931565
6.406252889
6.60266903
6.74033907
6.947575626
7.079280447
7.257501419
7.367936954
7.431867374
7.506903447
7.561900557
7.636027117
7.696156888
7.7769613
7.84463741
7.936354856
8.00530681
8.104339693
8.16436281
8.318587028
8.431671595
8.61272767
8.763605249
8.910064644
9.061317334
9.203165942
9.422812056
9.61072787
9.872727138
10.17458257
10.31928793
10.54203782
10.61541267
10.71335731
10.82499702
10.94822194
11.09042328
11.32799203
11.3571585
11.44661067
11.31909772
11.16840407
11.0281799
10.89818699
10.78798372
10.64265398
10.54191412
10.41363832
10.32029685
10.2415065
10.16937889
10.1011477
10.03576986
9.979629881
9.917519397
9.829743803
9.726421687
9.599636996
9.429953389
9.293322798
9.132309058
9.036569574
8.841949289
8.691794269
8.439223192
8.196058249
7.957459937
7.783143298
7.547897375
7.35836694
7.154205953
6.815407181
6.547408673
6.177336021
5.914534336
5.485255971
5.173687819
4.710509193
4.314595974
4.050078197
3.623497021
3.274180444
2.78287238
2.327007667
1.930118108
1.716484372
1.530201634
1.479953545
1.450513654
1.660827852
1.025845476
1.040656588
0.346885529
0.651211699
-0.77272304
-0.80868442
-2.467233125
-3.272359774
-4.069358709
-4.442223269
-5.083202989
-5.377177211
-5.737835208
-6.303317912
-6.598314784
-7.116678387
-7.359679596
-7.648184899
-8.146564997
-8.532672105
-9.077477414
-9.5248732
-10.09516666
-10.3379531
-10.78836806
-10.92814892
-11.12845977
-11.46088596
-11.78035276
-12.2426932
-12.84074088
-13.24150796
-13.64211167
-13.76116166
-13.73142928
-13.65924237
-13.5868047
-13.51885864
-13.45540905
-13.39561719
-13.33867915
-13.28397384
-13.23104538
-13.17956109
-13.12927593
-13.08000707
-13.03161632
-12.98399798
-12.93707045
-12.89077013
-12.84504709
-12.79986186
-12.755183
-12.71098533
-12.66724853
-12.68428474
-12.53797586
-12.40066127
-12.10004565
-11.83747677
-11.35210355
-10.97746531
-10.41321731
-9.900951057
-9.468447613
-9.068652646
-8.612420677
-8.160402682
-7.74868842
-7.00922761
-6.472755203
-5.684966075
-5.023484001
-4.676524114
-3.835686406
-3.341201762
-2.448472322
-1.760441659
-1.337912531
-1.079029053
-0.946780159
-1.352311587
-0.093489528
-0.03428241
1.499527014
2.500350534
3.195897451
3.962188513
4.629723224
5.345489611
5.916293435
6.606972491
7.169298364
7.805790515
8.289191855
8.93553087
9.467261971
10.24134671
10.7570861
11.4975075
11.96150301
12.55201849
12.96174759
13.69115006
14.5742081
15.48650012
16.30454827
16.78764679
16.80579094
16.67166354
16.53653913
16.40892805
16.28888141
16.17493008
16.06569977
15.96017225
15.85763789
15.75760706
15.65973837
15.56378903
15.46958221
15.37698577
15.28589827
15.34793981
14.98247653
14.67212315
13.91381609
13.24199472
12.66262507
12.30800768
12.08157211
11.90362454
11.74617753
11.57394219
11.50406091
11.36872985
11.31688017
11.21862855
11.10639372
11.04845136
10.81426115
10.65911284
10.34395956
10.0860324
9.814911102
9.5000272
9.279075988
8.582690741
8.067700484
7.233860801
6.670659623
5.77505752
5.110591125
4.139957103
3.379436239
2.886892757
2.640956156
3.000850735
1.849055055
1.897433596
1.416698124
-0.9455382
-1.116211396
-3.593750318
-5.228401582
-5.842431473
-6.828909718
-7.14460951
-7.733268816
-8.221304885
-8.909172519
-9.652192881
-9.993878943
-10.57994736
-10.83188676
-11.17470527
-11.48417605
-11.78569205
-11.99338197
-12.17669694
-12.35979816
-12.56298671
-12.73036461
-12.95854387
-13.17131298
-13.45134613
-13.8116141
-14.32676841
-14.7049641
-15.04792605
-15.14066097
-15.07419945
-14.95542677
-14.84784423
-14.74998296
-14.6593217
-14.57390763
-14.49239942
-14.41389267
-14.33777042
-14.26360314
-14.19108542
-14.11999578
-14.0501709
-13.98148841
-13.91385537
-13.84720022
-13.7814671
-13.71661181
-13.73823802
-13.53721911
-13.31995371
-12.91480296
-12.29458291
-11.816505
-11.27691977
-11.03180502
-10.39636864
-9.855507877
-9.067649186
-7.843072067
-6.967324765
-5.885025945
-4.96065681
-4.533976101
-4.15217069
-4.837140175
-2.992621228
-3.09071588
-1.030235309
-0.834302014
0.642389224
0.79854579
2.467349074
3.838152497
4.445834475
5.456914834
5.907752472
6.496249819
6.935412648
7.448465999
7.7799616
8.03539278
8.289171429
8.527184414
8.845294611
8.993906153
9.149407597
9.110786845
8.984506638
8.893675541
8.791516971
8.747480679
8.715593131
8.68766755
8.660882965
8.634301075
8.607653668
8.585712185
8.557218224
8.511038899
8.451800516
8.376255495
8.266280697
8.178637999
8.069227893
7.978682454
7.904530416
7.819189563
7.713180011
7.586182041
7.44200681
7.243435855
7.09018194
6.90221739
6.751869647
6.609841331
6.506680449
6.386944285
6.297346576
6.219207446
6.063262819
5.950472698
5.771727901
5.617970209
5.475799802
5.356061801
5.220720982
5.09947026
4.962313504
4.813443361
4.7098867
4.594100146
4.521515982
4.446636853
4.368268524
4.304747453
4.242567385
4.196159151
4.155412386
4.121758027
4.076143131
4.034202361
3.979522463
3.923923821
3.872817901
3.812787925
3.756722066
3.691834557
3.627596414
3.566885176
3.501844046
3.444817118
3.384725358
3.331195171
3.288662973
3.224117705
3.172332315
3.099588592
3.032696084
2.969677209
2.91086659
2.85668599
2.791754568
2.727501842
2.650967038
2.588279559
2.483181738
2.403345151
2.286336861
2.183088603
2.09002504
2.003878772
1.932223839
1.856170057
1.79067387
1.720687282
1.653203427
1.59260395
1.530196243
1.472301192
1.411898723
1.353305356
1.298556522
1.249518411
1.199922617
1.155614771
1.110333054
1.068378584
1.029561967
0.993600223
0.95920661
0.929469879
0.901407627
0.877604011
0.85596336
0.835730806
0.816692159
0.800683927
0.78048222
0.761847253
0.738730206
0.715291459
0.690319829
0.669502802
0.653615998
0.64351288
0.640888287
0.640752483
0.641442258
0.700733131
0.447873275
0.422274086
0.140758029
0.046913336
0.015637779
0.005212593
0.001743587
0.00057513
0.000197766
6.59E-05
2.20E-05
1.34E-05
-1.64E-06
5.58E-06
-1.04E-05
8.80E-06
-9.35E-06
3.03E-06
-5.14E-06
4.46E-06
0.085190356
-0.221868039
-0.250641309
-0.608361021
-0.753092112
-0.829296486
-0.885505528
-0.944225883
-0.996805772
-1.045402861
-1.084273497
-1.110410142
-1.132736149
-1.154248057
-1.175968321
-1.206305042
-1.215547086
-1.232934077
-1.228829588
-1.224442471
-1.219985643
-1.215529753
-1.215438551
-1.2042639
-1.195705155
-1.175776865
-1.154307296
-1.132906319
-1.112076677
-1.091954651
-1.074138503
-1.054371289
-1.033319391
-1.009453889
-0.98273298
-0.956123258
-0.930525472
-0.906161241
-0.887869098
-0.860347488
-0.835601345
-0.801370375
-0.765700136
-0.731749726
-0.7002856
-0.671324415
-0.637653896
-0.619550778
-0.598900906
-0.593809045
-0.592537767
-0.592538043
-0.592960211
-0.593521063
-0.619399262
-0.404609828
-0.358494537
-0.119498179
-0.039832726
-0.013277575
-0.004425858
-0.001475286
-0.000491762
-0.000163921
-5.46E-05
-1.82E-05
-6.07E-06
-2.02E-06
-6.75E-07
6.49E-06
2.16E-06
7.44E-06
2.48E-06
8.26E-07
2.75E-07
9.18E-08
3.06E-08
1.02E-08
3.40E-09
1.13E-09
3.78E-10
1.26E-10
4.20E-11
1.40E-11
4.67E-12
1.56E-12
5.18E-13
1.73E-13
-0.008243275
0.180124821
0.237364706
0.450329978
0.526860583
0.558071016
0.57433971
0.585800152
0.595837958
0.610519161
0.615860017
0.624066182
0.622278922
0.618144335
0.613292794
0.608321896
0.60315607
0.59804498
0.596134189
0.58856437
0.582239153
0.569871527
0.555528486
0.54108314
0.527115624
0.513779655
0.501090803
0.48483507
0.475716467
0.464765108
0.461327464
0.460182614
0.459802027
0.459676193
0.459635276
0.459622663
0.436209929
0.298609275
0.229333347
0.076444449
0.025481483
0.008493828
0.002831276
0.000943759
0.000314586
0.000104862
3.50E-05
1.17E-05
3.88E-06
1.29E-06
4.32E-07
1.44E-07
4.79E-08
1.60E-08
5.33E-09
1.78E-09
5.92E-10
1.97E-10
6.58E-11
2.19E-11
7.31E-12
2.44E-12
8.12E-13
2.71E-13
9.02E-14
3.01E-14
1.00E-14
3.34E-15
1.11E-15
3.71E-16
1.24E-16
4.13E-17
1.38E-17
4.58E-18
1.53E-18
5.09E-19
1.70E-19
5.66E-20
1.89E-20
6.29E-21
2.10E-21
6.99E-22
2.33E-22
7.76E-23
2.59E-23
8.63E-24
2.88E-24
9.58E-25
3.19E-25
1.06E-25
3.55E-26
1.18E-26
3.94E-27
1.31E-27
-6.92E-06
4.62E-06
1.54E-06
5.13E-07
1.69E-05
-1.11E-05
1.59E-05
-1.43E-05
1.20E-05
-5.81E-06
4.99E-06
1.66E-06
5.54E-07
1.85E-07
6.16E-08
2.05E-08
6.84E-09
-6.92E-06
-9.23E-06
-2.09E-07
-1.68E-05
1.11E-05
-1.30E-05
9.51E-06
-1.07E-05
1.03E-05
-3.49E-06
1.27E-05
-5.56E-06
1.49E-05
-1.18E-05
-0.175379942
0.352056203
0.373183527
0.98902612
1.24045754
1.37474869
1.485172404
1.576969215
1.678059117
1.772810649
1.873138095
1.987274409
2.099855513
2.224282981
2.34610833
2.485988458
2.616925201
2.75929344
2.889521033
3.018858487
3.1668003
3.295289522
3.446054836
3.578456001
3.722240112
3.877408747
4.001205688
4.133723127
4.231987116
4.3366308
4.471318378
4.54581764
4.652484855
4.697927225
4.741701745
4.820237484
4.878857173
4.966392267
5.040886033
5.122565843
5.171030702
5.248307663
5.299887095
5.355305258
5.478928696
5.581893304
5.747321302
5.91126604
6.116994638
6.223355066
6.404987367
6.497565924
6.619955288
6.816532244
6.989532911
7.220752806
7.432361915
7.695350366
7.908247954
8.161015024
8.365251688
8.604451605
8.712896058
8.889983125
8.944683984
9.013917038
9.138729082
9.238561655
9.382137327
9.512445099
9.692143729
9.746150472
9.833462923
9.788846347
9.72577282
9.662841016
9.602228968
9.544303516
9.488944081
9.448836886
9.372935598
9.309137353
9.209534498
9.109449997
9.045882344
8.892742199
8.744685648
8.502643273
8.235643573
8.013713764
7.695427831
7.390389137
6.992212224
6.578574541
6.26872465
5.775971261
5.361009132
4.78783053
4.246428449
3.741878354
3.455464732
3.194328087
3.112912319
3.577099335
2.207353383
2.251169586
0.750389862
0.250129954
0.602787149
-0.745350557
-0.784154274
-2.401709082
-3.231882459
-4.24054133
-4.5330067
-5.313265694
-5.449253547
-5.718710818
-6.041357722
-6.35040539
-6.657533299
-6.965544586
-7.127999585
-7.261633257
-7.235150209
-7.11084903
-6.956464568
-6.794502544
-6.632392033
-6.512985726
-6.283219183
-6.069595642
-5.747719317
-5.475591038
-5.032459544
-4.652684773
-4.135259795
-3.59018543
-3.2907448
-2.997173021
-3.392278885
-2.090969558
-2.11590556
-0.705301853
-0.235104091
-0.078364617
-0.026128365
-0.41646521
0.597274605
0.614786077
1.942140078
2.570072126
3.034787121
3.429652362
3.66617155
3.941870167
4.160430352
4.272602716
4.423555981
4.578075651
4.704025097
4.941138334
5.087701243
5.367553957
5.756844909
6.211822524
6.952740424
7.918245201
8.808625065
10.05030199
10.98885453
12.88454698
13.55728469
15.20211597
15.83628849
16.87287029
18.26215536
19.18599422
20.10120838
20.22433347
20.0730673
19.91240916
19.7423671
19.56815315
19.39366268
19.22096977
19.05103101
18.88425264
18.7207938
18.5607064
18.40399524
18.25064308
18.10062107
17.95389317
17.81041824
17.67015114
17.53304347
17.39904408
17.26809956
17.14015463
17.01515251
16.89303522
16.77374392
16.7879953
16.44020562
16.1315851
15.49491546
14.8135265
14.20912963
13.69951116
13.28746115
12.73565806
12.22468813
11.56285531
11.01453378
10.27108004
9.802426687
8.732426368
8.022966747
7.066669844
6.385303533
5.834439524
5.396460326
4.941690925
4.54576223
4.149387524
3.810217181
3.511631456
3.287324716
3.066759274
2.887268372
2.713288684
2.541293689
2.405588006
2.264386567
2.141077484
2.060170263
1.960366302
1.904933812
1.783043297
1.686251565
1.553180706
1.437906875
1.354933331
1.267099631
1.199369638
1.12806034
1.080014794
1.046281604
1.239691122
0.759137337
0.800811784
0.266937261
0.088979087
0.029659696
0.009886565
0.003295522
0.001098507
0.000366169
0.000122056
4.07E-05
1.36E-05
4.52E-06
1.51E-06
5.02E-07
1.67E-07
5.58E-08
1.86E-08
6.20E-09
2.07E-09
6.89E-10
2.30E-10
7.66E-11
2.55E-11
8.51E-12
2.84E-12
9.45E-13
3.15E-13
1.05E-13
3.50E-14
1.17E-14
3.89E-15
1.30E-15
4.32E-16
1.44E-16
4.80E-17
1.60E-17
5.34E-18
1.78E-18
5.93E-19
1.98E-19
6.59E-20
2.20E-20
7.32E-21
2.44E-21
8.13E-22
2.71E-22
9.04E-23
3.01E-23
1.00E-23
3.35E-24
1.12E-24
3.72E-25
1.24E-25
4.13E-26
1.38E-26
4.59E-27
1.53E-27
5.10E-28
1.70E-28
5.67E-29
1.89E-29
6.30E-30
2.10E-30
7.00E-31
2.33E-31
7.77E-32
2.59E-32
8.64E-33
2.88E-33
9.60E-34
3.20E-34
1.07E-34
3.55E-35
1.18E-35
3.95E-36
1.32E-36
4.39E-37
1.46E-37
4.88E-38
1.63E-38
5.42E-39
0.187744454
-0.16030906
-0.096334273
-0.493911061
-0.64302348
-0.710458627
-0.751935646
-0.788514608
-0.815354541
-0.840703494
-0.856800315
-0.868495025
-0.878826266
-0.88880976
-0.898787022
-0.910557294
-0.915314315
-0.921958478
-0.921561017
-0.921297615
-0.921072191
-0.920852829
-0.920629003
-0.920397313
-0.920156732
-0.919907025
-0.919648214
-0.919380411
-0.919103751
-0.918818378
-0.919044383
-0.917103842
-0.914841432
-0.910168294
-0.904604732
-0.898804387
-0.892983715
-0.887526025
-0.880355548
-0.874684843
-0.867674407
-0.861969872
-0.856745141
-0.851723909
-0.846813163
-0.842376041
-0.835919613
-0.829172085
-0.820220036
-0.810586608
-0.800900114
-0.791363092
-0.782036521
-0.773707515
-0.759255644
-0.744479781
-0.723553171
-0.701891001
-0.680878787
-0.660898518
-0.642006903
-0.622962046
-0.595615551
-0.567550728
-0.53214026
-0.498446688
-0.467840137
-0.440365401
-0.415710918
-0.393510675
-0.383239316
-0.373544287
-0.374554267
-0.375090356
-0.375614969
-0.376134043
-0.376649571
-0.37716223
-0.63016715
-0.336031889
-0.490650431
-0.163550144
-0.054516715
-0.018172238
-0.006057413
-0.002019138
-0.000673046
-0.000233384
-6.87E-05
-3.20E-05
-1.60E-06
-5.35E-07
-1.78E-07
-5.94E-08
-1.98E-08
-6.60E-09
-2.20E-09
-7.33E-10
-2.44E-10
-8.15E-11
-2.72E-11
-9.05E-12
-3.02E-12
-1.01E-12
-3.35E-13
-1.12E-13
-3.73E-14
-1.24E-14
-4.14E-15
-1.38E-15
-4.60E-16
-1.53E-16
-5.11E-17
-1.70E-17
0.242974622
-0.080970051
0.049564437
-0.316562408
-0.448029515
-0.501807333
-0.530265601
-0.550912687
-0.569642892
-0.587986444
-0.60288917
-0.615588999
-0.62388716
-0.629770458
-0.634886862
-0.639786442
-0.64465332
-0.649549658
-0.654238438
-0.65504395
-0.654078154
-0.648753559
-0.641800507
-0.634432381
-0.62704891
-0.619778835
-0.612660787
-0.603941747
-0.58928788
-0.572316674
-0.549764231
-0.527293513
-0.506006099
-0.486139586
-0.467662261
-0.450468072
-0.434439027
-0.426859532
-0.419703847
-0.420336242
-0.420840892
-0.421254159
-0.421635926
-0.42200616
-0.422371521
-0.422734236
-0.699736529
-0.374337583
-0.542632193
-0.180877398
-0.060292466
-0.020097489
-0.006699163
-0.002233054
-0.000744351
-0.000248117
-8.27E-05
-2.76E-05
-9.19E-06
-3.06E-06
-1.02E-06
-3.40E-07
-1.13E-07
-3.78E-08
-1.26E-08
-4.20E-09
-1.40E-09
-4.67E-10
-1.56E-10
-5.19E-11
-1.73E-11
-5.76E-12
-1.92E-12
-6.40E-13
-2.13E-13
-7.12E-14
-2.37E-14
-7.91E-15
-2.64E-15
-8.79E-16
-2.93E-16
-9.76E-17
-3.25E-17
-1.08E-17
-3.62E-18
-1.21E-18
-4.02E-19
-1.34E-19
-4.46E-20
-1.49E-20
-4.96E-21
-1.65E-21
-5.51E-22
-1.84E-22
-6.12E-23
-2.04E-23
-6.80E-24
-2.27E-24
-7.56E-25
-2.52E-25
-8.40E-26
-2.80E-26
-9.33E-27
-3.11E-27
-1.04E-27
-3.46E-28
-1.15E-28
-3.84E-29
-1.28E-29
0.238723551
-0.148094593
-0.046540111
-0.488079785
-0.653368743
-0.728358704
-0.775309453
-0.814190546
-0.862239044
-0.899852224
-0.945393152
-0.980642043
-1.014110356
-1.048846849
-1.086117223
-1.133882488
-1.157444724
-1.198967592
-1.218428103
-1.24889759
-1.284934649
-1.324959851
-1.372551782
-1.412303897
-1.458227799
-1.49553063
-1.534535244
-1.576064769
-1.61792947
-1.676086425
-1.723717392
-1.783953555
-1.835039836
-1.885347506
-1.936400005
-1.997292284
-2.056954847
-2.126407028
-2.1968514
-2.271905859
-2.356611094
-2.440298234
-2.534171338
-2.628025565
-2.73015795
-2.842682642
-2.981353745
-3.091913437
-3.239402819
-3.363769505
-3.514706125
-3.688608184
-3.925204324
-4.075773412
-4.309333289
-4.463563678
-4.664806466
-4.899166155
-5.216418962
-5.483389334
-5.802680953
-6.060686853
-6.31362928
-6.613124399
-6.885732236
-7.197882501
-7.48281192
-7.779545503
-8.185250276
-8.364362814
-8.719941817
-8.868807363
-9.117582429
-9.442879567
-9.78237675
-10.11057267
-10.42041329
-10.69429459
-11.06619667
-11.21599291
-11.40777828
-11.35373231
-11.23649036
-11.11621859
-11.00195893
-10.89520628
-10.79551252
-10.77109692
-10.55469988
-10.37604529
-10.00917005
-9.624792485
-9.246690273
-8.965675361
-8.668003694
-8.452060437
-8.226535862
-8.070433177
-7.754726935
-7.472110808
-7.036762521
-6.627729386
-6.121275198
-5.756735749
-5.320921067
-4.989184448
-4.705266543
-4.489374894
-4.276746539
-4.1122134
-3.948595215
-3.784002955
-3.66484582
-3.545133783
-3.46743104
-3.395804339
-3.317886677
-3.273731574
-3.227685484
-3.215726703
-3.211364932
-3.200290828
-3.214807997
-3.228731582
-3.270726501
-3.322504649
-3.377319386
-3.438047281
-3.497315503
-3.561053284
-3.62389673
-3.685632527
-3.755051649
-3.820695018
-3.893196581
-3.963434701
-4.034000987
-4.116882924
-4.165293969
-4.232751835
-4.267568665
-4.310530625
-4.354607537
-4.407275561
-4.454893004
-4.509050824
-4.559386781
-4.608773886
-4.660233623
-4.7045601
-4.754707449
-4.79897892
-4.847443248
-4.896221319
-4.954293305
-5.000997546
-5.052951201
-5.09347728
-5.130253522
-5.165841341
-5.201096698
-5.236307066
-5.271570415
-5.30692154
-5.342374178
-5.383306108
-5.409648699
-5.437071575
-5.448359867
-5.454763505
-5.45945735
-5.463501528
-5.467250731
-5.470824474
-5.461462939
-5.440738732
-5.403372732
-5.353429946
-5.29926174
-5.243650681
-5.187522913
-5.131185612
-5.074739471
-5.018216179
-4.95556641
-4.910852459
-4.861076517
-4.829456979
-4.798769248
-4.768071738
-4.737041336
-4.705560705
-4.673580704
-4.641074501
-4.608022246
-4.558317321
-4.552575395
-4.540542124
-4.576898165
-4.625560528
-4.680004083
-4.738849508
-4.789793647
-4.867833098
-4.947692155
-5.059682344
-5.181245795
-5.356070923
-5.497082416
-5.676466578
-5.824630262
-5.943204782
-6.146985625
-6.332189811
-6.614660508
-6.919032408
-7.260057435
-7.765366548
-7.969474386
-8.395386586
-8.53044256
-8.763321261
-9.103657842
-9.331323006
-9.622922687
-9.77969557
-9.929951458
-10.0986773
-10.22186775
-10.38944328
-10.5209934
-10.62752147
-10.98235181
-11.19965985
-11.6343581
-11.98919262
-12.39877749
-12.65368449
-12.97703143
-13.14009445
-13.30253623
-13.47239009
-13.65401886
-13.85140596
-14.07023925
-14.34290309
-14.83960187
-14.85764983
-15.05973445
-14.7811251
-14.49739067
-14.26799691
-14.06811106
-13.88712262
-13.71988848
-13.56352256
-13.41617468
-13.27653563
-13.14361709
-13.01664169
-12.8949812
-12.77811798
-12.66561907
-12.55711779
-12.45230023
-12.48679201
-12.11978556
-11.8591114
-11.22533193
-10.80915466
-9.803651005
-9.082700813
-7.8766749
-6.722361742
-6.101989504
-5.59492171
-5.518919281
-6.490253958
-4.018999522
-4.162807987
-1.387602662
-1.34868796
1.210011551
1.421217672
4.304604251
6.169314023
7.246290925
8.391727705
9.10691122
9.688598764
10.13668996
10.58340898
10.93254574
11.24446963
11.71096671
11.78840796
11.99844938
11.81200022
11.60400076
11.41602162
11.24386806
11.08460544
10.93616382
10.79702157
10.66601105
10.54220359
10.42484003
10.4051985
10.12670904
9.897519514
9.419230308
8.992531368
8.36959493
7.913728263
7.297554578
6.787843882
6.373013591
5.981295441
5.595648336
5.211011432
4.811778726
4.463104954
4.137027601
3.830001494
3.534803478
3.281934653
2.923810582
2.68969714
2.370372388
2.137135336
1.962123262
1.795527027
1.655402029
1.511720008
1.381100039
1.269277997
1.17320441
1.088301013
1.013498953
0.945124138
0.882763243
0.834580347
0.792839432
0.763087339
0.739116706
0.714962466
0.703474909
0.695298746
0.700667535
0.71238676
0.726534173
0.742085467
0.756310143
0.774860743
0.793333051
0.816584269
0.842286064
0.871716891
0.898284003
0.926620085
0.951325094
0.975432452
1.005055121
1.018777785
1.037035185
1.038727903
1.039312762
1.043955824
1.033728777
1.024824211
1.0007679
0.974061813
0.947602251
0.925780948
0.892374393
0.859551652
0.815394956
0.769662653
0.726986401
0.686228904
0.661286239
0.640630192
0.635105915
0.634486474
0.635492243
0.803381533
0.480395649
0.53968216
0.179894053
0.059964684
0.019982919
0.006666296
0.00221679
0.000744253
0.000248084
8.27E-05
2.76E-05
9.19E-06
3.06E-06
-4.41E-06
-6.92E-06
-7.74E-06
-8.03E-06
-2.68E-06
-8.92E-07
-2.97E-07
5.43E-06
1.81E-06
6.13E-06
7.60E-06
2.53E-06
6.41E-06
2.14E-06
7.12E-07
2.37E-07
-5.56E-06
-1.85E-06
-6.25E-06
-7.76E-06
-2.59E-06
-6.53E-06
-2.18E-06
-7.26E-07
-2.42E-07
-5.82E-06
-1.94E-06
-0.17653217
0.100549376
0.014980776
0.321002162
0.42025848
0.450648116
0.458135499
0.458277925
0.45704952
0.455886221
0.455794718
0.456318482
0.457044218
0.457834188
0.638352157
0.365800367
0.454924651
0.151647241
0.050535364
0.016858714
0.005611597
0.001878435
0.000626145
0.000208715
6.96E-05
1.79E-05
7.43E-07
1.44E-07
-5.54E-08
5.16E-06
6.84E-06
2.28E-06
7.60E-07
-4.61E-06
3.27E-06
-3.77E-06
0.177217998
-0.209477004
-0.178077466
-0.633016648
-0.824654853
-0.935657073
-1.028986615
-1.152033511
-1.233880806
-1.350047364
-1.424198161
-1.505388759
-1.597564638
-1.702087722
-1.851679409
-1.976617687
-2.133418816
-2.261932997
-2.391811039
-2.552566163
-2.691790076
-2.861059804
-3.008786829
-3.169626816
-3.351801463
-3.619291394
-3.751685622
-4.006644379
-4.138561394
-4.339375772
-4.605263934
-4.885821241
-5.209413961
-5.547309022
-5.882241766
-6.472053945
-6.942696941
-7.641999775
-8.331621046
-8.934337845
-9.680702284
-10.42907202
-11.6649231
-12.11093055
-13.08463915
-13.22297492
-13.46989445
-13.79130201
-14.25482396
-14.65319515
-14.97865485
-15.13580248
-15.10725558
-15.01617702
-14.93026051
-14.85056824
-14.77581866
-14.70470101
-14.63624298
-14.56977616
-14.50484815
-14.44115133
-14.3784742
-14.31666959
-14.25563396
-14.19529379
-14.13559645
-14.07650402
-14.017989
-13.96003132
-13.90261629
-13.84573302
-13.78937341
-13.79861825
-13.62729491
-13.47730492
-13.15216959
-12.79850683
-12.46620493
-12.18162594
-11.90318802
-11.56717742
-11.18966624
-10.81997673
-10.4012533
-10.13513249
-9.727376517
-9.374828044
-8.746126181
-8.337620776
-7.854663188
-7.629419207
-7.482460297
-7.316477524
-7.175713883
-6.871160235
-6.616343651
-6.27408403
-5.990900512
-5.708260862
-5.407277875
-5.187949454
-4.625091743
-4.238755742
-3.630502855
-3.095933859
-2.832039447
-2.594939547
-2.568166142
-2.989245894
-1.855150639
-1.899904403
-0.633309346
-0.211093546
-0.070372511
-0.02344945
-0.00782051
-0.27230387
0.486821109
0.51013595
1.41040569
1.802027666
2.07978091
2.204576585
2.368159693
2.424041212
2.484113515
2.557658543
2.603848836
2.661252865
2.689819059
2.715789984
2.748957003
2.776337857
2.809849022
2.83921216
2.867260898
2.894942875
2.922577057
2.950272845
2.978069782
3.005984121
3.03038642
3.062984497
3.098697202
3.145272205
3.199967392
3.258418014
3.323355604
3.37563817
3.44014633
3.493979018
3.556629205
3.612867803
3.706811717
3.783078109
3.893987687
3.997590216
4.101617214
4.210454197
4.317832603
4.434421097
4.551498626
4.677350949
4.810460079
4.958999265
5.091326557
5.237399941
5.366207943
5.49951614
5.638252445
5.795812915
5.922361003
6.067460632
6.180579633
6.298146917
6.419752695
6.548961117
6.669944884
6.803454955
6.930593894
7.067532061
7.211014046
7.372331432
7.507520436
7.648475919
7.758109635
7.85833096
7.956556787
8.055777236
8.155066096
8.256205791
8.357733853
8.460771256
8.565594452
8.669588732
8.785791527
8.890869224
8.992683781
9.081242993
9.15507452
9.229847172
9.299811841
9.359512103
9.409912169
9.44400289
9.473344608
9.501859897
9.530941378
9.561161683
9.592857007
9.626351059
9.662116307
9.702356116
9.764579794
9.785246559
9.814013791
9.796795668
9.767635895
9.738306458
9.710347244
9.68397297
9.659072534
9.6354808
9.613046105
9.591641591
9.571162753
9.551522815
9.532648696
9.51447796
9.496956574
9.48003726
9.463678268
9.459705988
9.422010468
9.392783321
9.329501837
9.263468951
9.198494531
9.135379561
9.073310435
9.014984231
8.956740295
8.901586701
8.846962481
8.793030307
8.739832473
8.687371525
8.637831281
8.592187525
8.522904055
8.449625948
8.348795771
8.241079227
8.133260237
8.039251086
7.913399243
7.79965233
7.654489865
7.510742131
7.371308912
7.221168407
7.098088231
6.871198165
6.65773649
6.358579843
6.057681998
5.771584687
5.50410565
5.289317622
4.995475712
4.729755934
4.388521249
4.051208719
3.744692882
3.472438022
3.29289103
2.957716036
2.696696647
2.305204043
1.952443875
1.670850831
1.445946138
1.269914107
1.154010322
1.070869243
1.035290065
1.015536875
1.001029508
1.247326133
0.517492407
0.500033648
-0.351890915
-0.715782709
-0.940026765
-1.398884399
-1.631911782
-2.100564081
-2.340845076
-2.562130371
-2.814277642
-3.173957533
-3.470522716
-3.838215343
-4.11690651
-4.436500992
-4.673041166
-4.96479435
-5.173263772
-5.365982707
-5.658284567
-5.894685557
-6.219622429
-6.50652371
-6.906546946
-6.999915363
-7.32661341
-7.358569635
-7.663752212
-7.869821808
-8.197487677
-8.42917811
-8.495191667
-8.649923381
-8.682075737
-8.860131127
-9.027047953
-9.259317411
-9.542188314
-9.802479025
-10.12710649
-10.50701153
-10.91070725
-11.42001329
-11.98613625
-12.7517867
-14.06801159
-14.63651612
-15.78003597
-16.05245471
-16.40966358
-16.83899312
-17.4589736
-18.49455852
-19.16856127
-19.74798744
-19.73434484
-19.27957186
-18.78552179
-18.34510298
-17.95463192
-17.60265759
-17.28011311
-16.98081493
-16.70060956
-16.45377501
-16.19301198
-15.89316267
-15.56505982
-15.18698932
-14.81878754
-14.47875398
-14.33039601
-13.70289345
-13.26898582
-12.34904556
-11.72194552
-11.04835067
-10.62598182
-10.26185036
-9.849093432
-9.537207743
-9.267609891
-9.018176051
-8.661844385
-8.442491459
-8.085201441
-7.863467523
-7.685676626
-7.543509341
-7.379590448
-7.346410822
-7.229139869
-7.214800303
-7.146360971
-7.08788914
-7.040685452
-7.029249568
-7.028830717
-7.031074688
-7.007403691
-7.050562898
-7.091714012
-7.208637178
-7.353388858
-7.508529363
-7.668323083
-7.830547158
-7.998471235
-8.154064896
-8.318152042
-8.470704116
-8.627773362
-8.786451161
-8.922230677
-9.033344996
-9.090203627
-9.192338011
-9.267066672
-9.417095341
-9.577242444
-9.788094064
-9.883790123
-10.04025728
-10.08129909
-10.14129005
-10.21071666
-10.28706928
-10.37063034
-10.46797395
-10.63241409
-10.67615464
-10.69669786
-10.57225774
-10.36544569
-10.12213405
-9.98184267
-9.824156181
-9.767380445
-9.716959421
-9.668965587
-9.622684559
-9.577826366
-9.534247263
-9.491856428
-9.450584364
-9.447989705
-9.346205643
-9.244653269
-9.038749284
-8.800404483
-8.597336554
-8.303774582
-8.074698248
-7.765109642
-7.491506531
-7.242712461
-7.020500809
-6.808934341
-6.574561249
-6.339046071
-6.073537137
-5.815862581
-5.57173406
-5.368363083
-5.156333578
-4.976196643
-4.787637468
-4.631538697
-4.395627858
-4.245354799
-4.030535774
-3.879881116
-3.75582998
-3.639728563
-3.547951972
-3.46169719
-3.397261636
-3.341623829
-3.290129765
-3.24116125
-3.180545724
-3.167493217
-3.129506135
-3.134162098
-3.125352056
-3.109945678
-3.094665746
-3.09076001
-3.092955749
-3.110709091
-3.133717866
-3.15855033
-3.190861271
-3.203109567
-3.221855248
-3.220144757
-3.217937392
-3.215507488
-3.212948343
-3.210292851
-3.207553712
-3.204736842
-3.201845842
-3.198883487
-3.207044634
-3.183314466
-3.164661042
-3.11302856
-3.055786024
-2.998371255
-2.94248855
-2.896970191
-2.833986135
-2.764032542
-2.673680022
-2.569447984
-2.466922327
-2.398269442
-2.247686752
-2.137828559
-1.955177475
-1.793552465
-1.654403763
-1.53489443
-1.418340526
-1.356709167
-1.296501123
-1.28598182
-1.284595067
-1.286239012
-1.288879852
-1.525373159
-0.939567572
-0.978865677
-0.326288559
-0.108762853
-0.036254284
-0.012084761
-0.004028254
-0.001342751
-0.000447584
-0.000149195
-4.97E-05
-1.66E-05
-5.53E-06
-0.183738739
0.252665678
0.223031576
0.719886696
0.903710184
0.984166091
1.032980593
1.070555684
1.095129121
1.114147773
1.11972937
1.120828049
1.120428638
1.119349336
1.118795659
1.117657606
1.117077221
1.116100194
1.114987788
1.113827187
1.109099954
1.114817157
1.120169572
1.137303222
1.158349852
1.181268235
1.20046637
1.236562687
1.268058558
1.317013645
1.367467599
1.421011795
1.47848448
1.549392118
1.595449703
1.663936106
1.710548263
1.771671196
1.841218998
1.916908546
2.008354615
2.089115259
2.179371213
2.256770673
2.332842464
2.41285074
2.499536076
2.578402343
2.6593122
2.728909835
2.796661643
2.870787856
2.937108786
3.000208892
3.051510153
3.092467977
3.130455583
3.169751652
3.204702112
3.240081499
3.270701875
3.299682253
3.328373577
3.359269528
3.38508159
3.411349792
3.431856825
3.450459714
3.468503272
3.490161555
3.501592132
3.514221764
3.515776948
3.514482195
3.503621929
3.488036495
3.462297974
3.431675265
3.399491628
3.366853607
3.337750747
3.298820783
3.26078899
3.212299878
3.161119204
3.109589522
3.048876128
3.018017787
2.977285266
2.965863998
2.953680637
2.941147167
2.928397985
2.915474859
2.902388569
2.875773856
2.885575212
2.890142262
2.935116136
2.990890224
3.060394003
3.110145089
3.178092205
3.227769447
3.288577941
3.365716762
3.412843758
3.490892472
3.544367693
3.618529559
3.725989574
3.808030073
3.906881961
3.976444137
4.049256857
4.081095217
4.144561576
4.176781633
4.223209999
4.314945372
4.388760411
4.497887863
4.59657045
4.704744285
4.794040907
4.889079639
4.947201068
5.043256226
5.132155643
5.272554358
5.437957725
5.607332573
5.775195626
5.936870686
6.089733199
6.225431598
6.384454136
6.539021409
6.722884675
6.907773947
7.130837458
7.362920159
7.696244939
7.896998765
8.179816383
8.316560524
8.488183882
8.57807701
8.743889323
8.80364744
9.065196862
9.25729861
9.59752053
9.931318598
10.12941131
10.4648205
10.74362579
11.14122629
11.51916057
11.89846589
12.18724453
12.46251434
12.76891023
13.06775893
13.36082145
13.6293255
13.8652362
14.10367761
14.36023259
14.64685069
15.01950879
15.61958997
15.87995891
16.24513859
16.21341667
16.08681141
15.97906181
15.88108704
15.78904651
15.70115707
15.61649496
15.53452528
15.45490564
15.37739772
15.301824
15.22804481
15.15594533
15.08542779
15.0164067
14.94880565
14.88255533
14.81759211
14.78416296
14.66553394
14.5630793
14.37976366
14.18954157
14.0115896
13.84765584
13.69621174
13.55531107
13.42326632
13.29873344
13.23970829
13.02981282
12.81708066
12.44982773
12.01289195
11.67292535
11.31636811
11.06065051
10.80409163
10.54944231
10.32290957
10.10521366
9.964666524
9.683541455
9.45538312
9.089257381
8.738320403
8.39262407
8.103625472
7.825035611
7.592708244
7.383409526
7.224493825
7.018920818
6.842867477
6.638440992
6.356227997
6.150684419
5.898202703
5.709685318
5.543689313
5.412609433
5.278865756
5.170375829
5.060402667
4.953919705
4.850670495
4.75455903
4.66225349
4.576514159
4.498274824
4.412114985
4.339307494
4.260158974
4.191568041
4.127986817
4.050393063
4.02912266
3.985642853
3.994951101
3.997200233
3.99651657
3.993031766
3.996408409
4.000237591
4.012385182
4.027094067
4.042450088
4.057819904
4.072996949
4.087916763
4.102562109
4.116931349
4.131027913
4.144856792
4.158423375
4.17173307
4.184791177
4.197602855
4.210173114
4.222506816
4.23460868
4.246483288
4.25813509
4.269568409
4.291316044
4.285215426
4.278986765
4.242049702
4.19409613
4.143520303
4.113414895
4.028034542
3.950765124
3.818020453
3.676383342
3.53963284
3.429498015
3.278566422
3.141706277
2.964915126
2.788334457
2.626075571
2.501595337
2.331916776
2.190782577
2.007072921
1.835428693
1.686029438
1.589485814
1.423126703
1.305450985
1.126225998
0.972258367
0.850306674
0.744307627
0.674772565
0.620394894
0.5950218
0.587596736
0.586147508
0.620462386
0.402472947
0.364094877
0.121364959
0.040454986
0.013484995
0.004494998
0.001498333
0.000499444
0.000166481
5.55E-05
1.85E-05
6.17E-06
0.055650455
-0.204297588
-0.244215552
-0.545614724
-0.665356294
-0.726080965
-0.768860826
-0.817802075
-0.84254076
-0.878953865
-0.892161981
-0.906221273
-0.920827827
-0.937506252
-0.953512713
-0.964815029
-0.973053811
-0.974037772
-0.97261215
-0.970391977
-0.967915547
-0.966267841
-0.963461635
-0.958985166
-0.952601594
-0.943473703
-0.933601854
-0.923646474
-0.916049464
-0.903120936
-0.892709618
-0.877131407
-0.862001497
-0.84738234
-0.83327515
-0.821726284
-0.804952392
-0.792446118
-0.77530052
-0.760567988
-0.746975294
-0.73407944
-0.721715517
-0.708012594
-0.699356383
-0.688030129
-0.681243859
-0.673359742
-0.665260404
-0.657233949
-0.64937064
-0.639462343
-0.634455079
-0.627338797
-0.625041503
-0.622782404
-0.62054772
-0.618332707
-0.617842408
-0.613633669
-0.611540189
-0.605883137
-0.600710106
-0.595757508
-0.590935846
-0.58621371
-0.584798141
-0.57832447
-0.573231043
-0.562643072
-0.550260115
-0.537711901
-0.525510521
-0.513798442
-0.498000983
-0.489500078
-0.478797486
-0.475844863
-0.475275348
-0.475498152
-0.475983026
-0.476553234
-0.43289241
-0.303440989
-0.216248102
-0.072076321
-0.024025424
-0.008014887
-0.002665225
-0.00089482
-0.000291838
-0.000103723
-3.46E-05
-1.15E-05
-1.68E-05
8.74E-07
3.06E-07
-6.39E-06
4.35E-06
1.47E-06
-6.02E-06
4.50E-06
-5.01E-06
4.86E-06
-4.92E-06
4.89E-06
1.65E-06
-6.01E-06
4.55E-06
1.53E-06
-6.07E-06
4.55E-06
-1.17E-05
2.72E-06
-1.23E-05
2.50E-06
8.48E-07
-6.35E-06
4.51E-06
1.52E-06
-6.15E-06
4.60E-06
1.55E-06
-6.16E-06
-0.058792052
-0.167991146
-0.270109538
-0.401289492
-0.460203607
-0.4964637
-0.526820516
-0.557115616
-0.594108574
-0.630047672
-0.665848211
-0.697627921
-0.722942118
-0.746987924
-0.771580495
-0.797418299
-0.827954007
-0.854827465
-0.883310468
-0.906782517
-0.927938168
-0.94887913
-0.970341841
-0.992610796
-1.019357018
-1.038973969
-1.062058633
-1.077459102
-1.092371621
-1.107366795
-1.122644291
-1.138280619
-1.155996898
-1.168618179
-1.186054717
-1.199341424
-1.216108678
-1.234393238
-1.253556567
-1.271780706
-1.29524217
-1.317086241
-1.344093171
-1.371243563
-1.399178119
-1.428156158
-1.452450363
-1.475787211
-1.496519048
-1.516969881
-1.54089072
-1.566826892
-1.590830761
-1.629212529
-1.658096253
-1.698875735
-1.732901317
-1.765759118
-1.802058822
-1.835777456
-1.866136806
-1.891205703
-1.908867981
-1.924356449
-1.95023237
-1.948706091
-1.951211383
-1.924326026
-1.890119217
-1.85402137
-1.817823899
-1.782105995
-1.747043501
-1.712678507
-1.67900917
-1.667733573
-1.600584206
-1.546027261
-1.438288428
-1.327054565
-1.224855849
-1.112170989
-1.069526295
-1.005290821
-1.003368555
-0.995714852
-1.107354547
-0.696237017
-0.676894994
-0.225631665
-0.075210555
-0.025070185
-0.008356728
-0.002785576
-0.000928525
-0.194496566
0.338841592
0.360750799
1.013294183
1.329030109
1.630273179
1.77560684
2.024508905
2.15450847
2.325141412
2.611714665
2.751835056
3.029032063
3.163928468
3.365521363
3.626078038
3.877828419
4.163334348
4.438810143
4.712952823
4.991625085
5.273846802
5.560651395
5.847661587
6.153464733
6.467009776
6.829063515
7.133831042
7.497547528
7.80713353
8.222240616
8.433596088
8.763575678
8.78227688
9.122255539
9.400180782
10.04522452
11.0676834
11.51038607
12.30243046
12.45691943
12.6183419
12.78639657
12.96111827
13.08448416
13.35033137
13.83641272
14.95909793
15.78129134
16.7153272
16.96750719
16.83265997
16.60163369
16.37935402
16.17541159
15.98781046
15.8131862
15.64877688
15.49258222
15.3431872
15.19958116
15.11730553
14.86924745
14.6782517
14.33502897
14.00585076
13.70603022
13.43289095
13.23718034
12.90180471
12.61294769
12.18694642
11.81460483
11.34489766
10.88098479
10.32167918
9.740076185
9.208183918
8.674810646
8.191763275
7.724822219
7.220506264
6.765355472
6.284187042
5.830356635
5.415792708
5.058678093
4.733365552
4.459029345
4.169052313
3.941779016
3.696624707
3.502571581
3.303449302
3.152746434
2.991704714
2.865507884
2.746254136
2.677150354
2.591595665
2.546596302
2.500151259
2.419542214
2.363696896
2.282264985
2.219411084
2.161799751
2.118499746
2.074280739
2.041741655
2.009823595
1.983456115
1.943689907
1.908485061
1.860173254
1.812508072
1.766905572
1.720062034
1.691303967
1.64974989
1.622518883
1.584933458
1.551627747
1.496936703
1.454363943
1.393600813
1.340479394
1.292449365
1.248878413
1.208211402
1.165062112
1.122964747
1.077633803
1.033997907
0.993856778
0.954789253
0.916068669
0.877559724
0.83873794
0.802223546
0.768378887
0.739977506
0.714119768
0.693012013
0.673851032
0.656034893
0.639372809
0.624611675
0.612407013
0.602313278
0.594543027
0.587660851
0.581218762
0.575407894
0.570840496
0.567120222
0.564630613
0.562556351
0.560625739
0.558738216
0.556715842
0.554297855
0.55161149
0.548507399
0.54529408
0.542073702
0.538065174
0.532293148
0.525171199
0.516223423
0.506836001
0.497563911
0.488576108
0.481673653
0.476864423
0.474714975
0.474732186
0.475562917
0.47665931
0.477838807
0.740445231
0.406696917
0.557253735
0.185751245
0.061917082
0.020639027
0.006879676
0.002293225
0.000764408
0.000254803
8.49E-05
2.83E-05
9.44E-06
3.15E-06
1.05E-06
3.50E-07
1.17E-07
3.88E-08
1.29E-08
4.32E-09
1.44E-09
4.79E-10
1.60E-10
5.33E-11
1.78E-11
5.92E-12
1.97E-12
6.58E-13
2.19E-13
7.31E-14
2.44E-14
8.12E-15
2.71E-15
9.02E-16
3.01E-16
1.00E-16
3.34E-17
1.11E-17
3.71E-18
1.24E-18
4.13E-19
1.38E-19
4.58E-20
1.53E-20
5.09E-21
1.70E-21
5.66E-22
1.89E-22
6.29E-23
2.10E-23
6.99E-24
2.33E-24
7.76E-25
2.59E-25
8.62E-26
2.87E-26
9.58E-27
3.19E-27
1.06E-27
3.55E-28
1.18E-28
3.94E-29
1.31E-29
4.38E-30
1.46E-30
4.87E-31
1.62E-31
5.41E-32
1.80E-32
6.01E-33
2.00E-33
6.68E-34
2.23E-34
0.262000541
-0.128971592
0.002245674
-0.432788846
-0.578736395
-0.628339319
-0.64557588
-0.650049308
-0.649721575
-0.645807362
-0.640408207
-0.634508056
-0.860408867
-0.495270564
-0.603475427
-0.201158476
-0.067052825
-0.022350942
-0.007450314
-0.002483438
-0.000827813
-0.000275938
-9.20E-05
-3.07E-05
-1.02E-05
-3.41E-06
-1.14E-06
-3.79E-07
-1.26E-07
-4.21E-08
-1.40E-08
-4.67E-09
-1.56E-09
-5.19E-10
-1.73E-10
-5.77E-11
-1.92E-11
-6.41E-12
0.206586204
-0.234209131
-0.209163493
-0.755060741
-1.030429238
-1.346607088
-1.495245534
-1.783487245
-1.937826414
-2.142836976
-2.491467977
-2.78859194
-3.199793157
-3.555442812
-4.115683558
-4.32450819
-4.85023884
-5.061318701
-5.460609009
-6.006061975
-6.537162117
-7.147439402
-7.74798067
-8.279824842
-8.896116251
-9.485997644
-10.26433762
-10.81363921
-11.55595439
-12.05117074
-12.72013307
-13.19574016
-13.77769304
-14.13098527
-14.41819676
-14.69494135
-14.98158754
-15.32698742
-15.50683732
-15.85601722
-16.08560785
-16.47411239
-16.96780825
-17.68519163
-18.94338611
-19.53438538
-20.33349307
-20.30111175
-19.99740284
-19.71960329
-19.45994914
-19.21345093
-18.97719377
-18.74947663
-18.52926264
-18.31587428
-18.10883165
-17.90776743
-17.71238164
-17.52241707
-17.50023751
-16.99827431
-16.62575203
-15.82790286
-15.05194591
-14.32460866
-13.90397948
-13.3893452
-13.10623684
-12.85292125
-12.25061533
-11.81710314
-10.98188417
-10.66326345
-10.20617071
-10.18808787
-10.09555172
-9.976254146
-9.85848014
-9.739958846
-9.631035311
-9.525632947
-9.459583435
-9.290401592
-9.149355465
-8.891587601
-8.691960573
-8.464558573
-8.338832962
-8.103783168
-7.877228666
-7.559541146
-7.240976419
-6.943220514
-6.71291088
-6.414401638
-6.176521241
-5.892922707
-5.558836532
-5.296047174
-5.025010277
-4.672653877
-4.410228342
-4.062041678
-3.751971747
-3.53935121
-3.304626299
-3.141730665
-2.966412721
-2.78045228
-2.599184761
-2.460026043
-2.176002187
-1.992143711
-1.70946973
-1.472884773
-1.343566103
-1.234383584
-1.206706089
-1.359397211
-0.853293765
-0.843949422
-0.281320691
-0.093773564
-0.031257855
-0.010419285
-0.003468732
-0.001160631
-0.000382513
-0.000125622
-4.19E-05
-7.69E-06
-2.56E-06
-8.54E-07
-2.85E-07
-9.49E-08
4.55E-06
-3.09E-06
3.56E-06
-3.42E-06
-1.14E-06
-3.80E-07
-1.27E-07
-6.73E-06
-2.24E-06
-2.67E-06
-5.67E-06
2.87E-06
-3.83E-06
0.091523106
-0.286418114
-0.33895837
-0.784981067
-0.974116407
-1.084575931
-1.180102198
-1.251487815
-1.324382751
-1.374265476
-1.417734054
-1.469848308
-1.498820177
-1.537100871
-1.551817044
-1.565575797
-1.579079737
-1.593937153
-1.605168577
-1.617836699
-1.62687507
-1.635944259
-1.645026973
-1.654119906
-1.663223189
-1.672339279
-1.681470184
-1.690616916
-1.698020959
-1.710396969
-1.720579887
-1.73562189
-1.750230297
-1.764781616
-1.779759062
-1.79361664
-1.808588712
-1.822675297
-1.837603549
-1.852913356
-1.866839998
-1.8841615
-1.902904418
-1.926145413
-1.9529646
-1.981433336
-2.012080345
-2.039472679
-2.07095574
-2.099873711
-2.132013216
-2.162020726
-2.206174273
-2.241958815
-2.289893589
-2.332691217
-2.374582026
-2.417118391
-2.45623058
-2.506908407
-2.558547308
-2.623926923
-2.691077863
-2.766415656
-2.831532303
-2.900677254
-2.963387706
-3.023043781
-3.096394711
-3.166585083
-3.251154542
-3.336930235
-3.434405149
-3.520726808
-3.614941647
-3.696199505
-3.777122707
-3.866580434
-3.942807129
-4.038523736
-4.125513082
-4.22935704
-4.351672233
-4.458546604
-4.596941417
-4.72631717
-4.871895847
-5.104349172
-5.276469664
-5.508319126
-5.681751092
-5.871917146
-5.963917927
-6.140459347
-6.243251376
-6.390844977
-6.648973978
-6.883480337
-7.211721226
-7.57406531
-7.897833926
-8.1999018
-8.435412373
-8.563362368
-8.749854209
-8.951129243
-9.276698325
-9.814321095
-10.100845
-10.43961156
-10.45675849
-10.3598475
-10.2380691
-10.11498259
-10.0196589
-9.866192765
-9.730145579
-9.53536952
-9.432683514
-9.073504159
-8.74709498
-8.1809482
-7.592168033
-7.06183646
-6.515641938
-6.197959331
-5.292310415
-4.727886132
-3.77545475
-3.003760543
-2.636517376
-2.326660997
-2.291881723
-2.649142
-1.64539574
-1.675455791
-0.558485264
-0.60824302
0.62044006
0.718713993
2.138709845
3.044314652
3.587674011
4.201962695
4.614992323
5.006784156
5.380873618
5.730230427
6.073084332
6.37603643
6.716320385
6.990160877
7.287042348
7.502401641
7.723607421
7.86299785
8.071676266
8.221447591
8.426336683
8.706067583
8.88636955
9.12330069
9.250232729
9.383146516
9.534332605
9.657637793
9.817164904
9.957956633
10.1490381
10.36525603
10.5072701
10.62406805
10.63108328
10.60060389
10.56456166
10.52924445
10.49608003
10.46516069
10.43625826
10.40910721
10.38347334
10.35916274
10.33601639
10.31390294
10.29271261
10.27235258
10.25274349
10.23381686
10.21551317
10.21731273
10.17047415
10.11740642
10.01016295
9.87830812
9.752127206
9.602854733
9.480446036
9.341160442
9.222131267
9.117795699
9.006184008
8.909354814
8.804966818
8.710888
8.589979034
8.560409
8.529071176
8.588889592
8.65127691
8.707166375
8.733481103
8.749789264
8.762596071
8.774051215
8.771384793
8.806202872
8.838397239
8.913490293
9.002951888
9.10170478
9.20192764
9.311370786
9.422982403
9.543638346
9.673033582
9.80900741
9.957780075
10.11719556
10.29564878
10.52798489
10.66692239
10.83079243
10.88331564
10.91254538
10.93394732
10.95265129
10.97033734
10.98753058
11.00436549
11.02084025
11.03690105
11.05246993
11.06745389
11.08174798
11.09523659
11.10779427
11.11928667
11.12957152
11.13849976
11.14591678
11.15166356
11.15557776
11.15749476
11.15724838
11.15467157
11.14959686
11.1418566
11.13128312
11.10946739
11.11029917
11.10784021
11.13169399
11.16277099
11.19618658
11.2302675
11.26440509
11.29833915
11.33191849
11.36502041
11.39752317
11.42929593
11.46019463
11.47989748
11.53049843
11.57959248
11.66507186
11.76365774
11.87109676
11.9868384
12.11196653
12.24899217
12.41191349
12.64843359
12.71226747
12.87510905
12.85589386
12.8732718
12.90298033
12.9369341
12.97244092
13.00860739
13.04514116
13.08195223
13.11902082
13.15635447
13.1939753
13.23191815
13.27023335
13.30899287
13.34830046
13.38830778
13.42924162
13.47145223
13.5155102
13.56244386
13.62443382
13.71758
13.78760161
13.83125097
13.82717182
13.77032355
13.70598634
13.64690758
13.59293772
13.54277249
13.49531993
13.449817
13.40574917
13.36276811
13.3206343
13.2791803
13.23828733
13.19787017
13.15786724
13.11823378
13.07893723
13.03995388
13.00126657
12.9628629
12.92473408
12.88687391
12.84927817
12.81194407
12.77486991
12.73805474
12.70149819
12.66520028
12.62916133
12.62015681
12.53964448
12.46146463
12.31072864
12.14043198
11.9750526
11.82005668
11.67558885
11.54056309
11.43269166
11.28502796
11.13362281
10.93607802
10.71746983
10.49218179
10.31937758
10.13041766
9.98771625
9.835939706
9.752217265
9.490834367
9.254542659
8.845617472
8.470758525
7.91985679
7.547631036
7.038018467
6.65522884
6.336738317
6.049637781
5.851267929
5.573385717
5.355362919
5.062961632
4.802014133
4.480067172
4.211590952
3.892102737
3.60338376
3.373493506
3.105730951
2.895786714
2.64717713
2.433745913
2.270556814
2.068290406
1.918868022
1.73093102
1.577087302
1.449467021
1.350730996
1.234929352
1.129725921
1.00720153
0.889894237
0.791204619
0.710738348
0.667384481
0.635076612
0.631960268
0.632968544
0.839404352
0.491976516
0.581243549
0.19374785
0.064582617
0.021527539
0.007175846
0.002391949
0.000797316
0.000265772
8.86E-05
2.95E-05
9.84E-06
3.28E-06
1.09E-06
3.65E-07
1.22E-07
4.05E-08
1.35E-08
4.50E-09
1.50E-09
5.00E-10
-7.03E-06
-2.34E-06
-7.81E-06
-2.60E-06
-8.68E-07
-2.89E-07
-9.65E-08
-3.22E-08
-1.07E-08
-7.24E-06
-2.41E-06
-8.05E-06
-2.68E-06
-8.94E-07
-2.98E-07
-9.93E-08
-3.31E-08
-1.10E-08
-3.68E-09
-1.23E-09
-4.09E-10
-1.36E-10
-4.54E-11
-1.51E-11
-5.05E-12
-1.68E-12
-5.61E-13
-1.87E-13
-6.23E-14
-2.08E-14
-6.92E-15
-2.31E-15
-7.69E-16
-2.56E-16
-8.55E-17
-2.85E-17
-9.50E-18
-3.17E-18
-1.06E-18
-3.52E-19
-1.17E-19
-3.91E-20
-1.30E-20
-4.34E-21
-1.45E-21
-4.82E-22
0.281128034
-0.0687447
0.087827199
-0.312307092
-0.463301936
-0.533164029
-0.578225996
-0.616742602
-0.648139567
-0.677340305
-0.699864002
-0.72003787
-0.740065661
-0.760731798
-0.782843642
-0.79764391
-0.80966379
-0.812604746
-0.811296256
-0.808592855
-0.80544572
-0.802171585
-0.798875706
-0.795592857
-0.792334323
-0.789103564
-0.785901442
-0.782727955
-0.779060792
-0.766242415
-0.750633492
-0.725842951
-0.699426881
-0.67380542
-0.649642161
-0.630290852
-0.617666976
-0.610278585
-0.609226099
-0.609542788
-0.610312375
-0.895013399
-0.502234661
-0.655420906
-0.218473635
-0.072824545
-0.024274848
-0.008091616
-0.002697205
-0.000899068
-0.000299689
-9.99E-05
-3.33E-05
-1.11E-05
-3.70E-06
-1.23E-06
-4.11E-07
-1.37E-07
-4.57E-08
-1.52E-08
-5.08E-09
-0.286505516
0.135762517
-0.000845141
0.481282181
0.661874874
0.743670191
0.794909054
0.828001689
0.855240647
0.871657291
0.883187749
0.893197113
0.903339593
0.904493671
0.903307865
0.892448232
0.878617528
0.864164509
0.850098182
0.841514155
0.8346563
0.833551759
0.833851602
1.123482972
0.652818896
0.785146541
0.261706392
0.087244597
0.029072495
0.009699797
0.003224228
0.001074887
0.000367045
0.000113527
4.66E-05
1.55E-05
5.18E-06
-6.66E-06
6.10E-06
-6.36E-06
6.20E-06
2.07E-06
8.72E-06
2.91E-06
1.11E-06
8.18E-06
-5.16E-06
6.09E-06
2.03E-06
6.77E-07
-0.304304468
0.36953519
0.330646087
1.142563589
1.515494513
1.803872143
2.008555241
2.253128432
2.455803674
2.675446537
3.001653536
3.210907178
3.548060936
3.775793025
4.051373019
4.512606256
4.877674027
5.378854336
5.779936365
6.286899513
6.531677307
6.993013119
7.228197208
7.623860726
8.07465312
8.463032132
8.817168195
9.023462302
9.199608264
9.357929825
9.531892002
9.714295645
10.04365433
10.00680391
10.07862246
9.781598373
9.463432665
9.168076795
8.897271136
8.826084401
8.224599124
7.82379133
6.955672529
6.437683262
5.148361191
4.440759435
3.140830513
2.200135221
1.739985154
1.427763721
2.102301761
0.305404689
0.303984016
-1.897494773
-3.951821088
-4.357016779
-5.81551129
-6.041299435
-6.519666465
-6.972389732
-7.477611623
-7.881670544
-8.13645542
-8.49350046
-8.777434377
-9.23766627
-9.549819149
-9.994704075
-10.31570184
-10.60756679
-10.84049722
-10.97731522
-10.98324404
-10.94498765
-10.90074684
-10.85767676
-10.817328
-10.77973825
-10.74459741
-10.71156682
-10.68035349
-10.65071722
-10.6224624
-10.59542842
-10.56948187
-10.54451052
-10.52041901
-10.53385455
-10.44655597
-10.36983269
-10.19000226
-9.991894162
-9.785325101
-9.600124599
-9.416493187
-9.251787738
-9.137019174
-8.950552851
-8.718247293
-8.399536758
-8.036144152
-7.595372992
-7.190825902
-6.738240467
-6.391902949
-5.815012578
-5.368571758
-4.730052273
-4.309879472
-3.482932684
-2.99981081
-2.195943149
-1.61856844
-1.28294634
-1.084407731
-1.000488744
-1.507982677
-0.323244733
-0.379326373
1.067853187
1.775513216
2.965302418
3.109436944
4.112232652
4.182116588
4.487909847
4.934749758
5.372269676
5.86356909
6.292315083
6.827444851
7.074632708
7.471893392
7.583007822
7.717580033
7.944888555
8.135806356
8.401985132
8.647454486
8.962049006
9.105233175
9.319832431
9.356660783
9.393565294
9.431425432
9.470605059
9.51130587
9.553687368
9.600387257
9.646973245
9.679778887
9.705570501
9.711860772
9.711157951
9.707601016
9.702538046
9.69638567
9.689248875
9.681127596
9.671985568
9.661773259
9.650435496
9.637913989
9.624148142
9.609075296
9.592630777
9.574747866
9.555357749
9.514781091
9.525262466
9.544630853
9.628752874
9.750166749
9.907566542
10.03333562
10.16473875
10.25179015
10.32103542
10.38683841
10.45443035
10.52619914
10.6040363
10.69505852
10.82077937
10.90198019
10.981079
10.99772953
10.98086737
10.95715569
10.93372
10.91182751
10.89146949
10.87239406
10.85435325
10.83714865
10.82062878
10.80467842
10.789209
10.7741515
10.75945143
10.7450653
10.73095807
10.71710125
10.70347157
10.69004988
10.67682034
10.66376982
10.65088736
10.63816378
10.62559136
10.61316361
10.600875
10.58872085
10.57669715
10.56480044
10.55302777
10.54137655
10.52984453
10.51842974
10.50713041
10.495945
10.4848721
10.47391045
10.46305889
10.45231636
10.44168188
10.43115453
10.42073344
10.41041781
10.40020684
10.3900998
10.38009595
10.40521884
10.33386939
10.27299762
10.11467798
9.936517652
9.762753462
9.600278354
9.448085283
9.306716604
9.174104575
9.050877757
8.928623915
8.816313043
8.704522632
8.600235868
8.524087111
8.391019279
8.266071764
8.08071275
7.882333737
7.680906155
7.512853015
7.337906102
7.193657777
7.047401361
6.893649761
6.775347634
6.665915229
6.595225265
6.544052936
6.49975422
6.461687506
6.423225724
6.363901594
6.296453704
6.203201435
6.096835815
6.008358313
5.928615479
5.872759371
5.833738324
5.80362108
5.764373393
5.734486743
5.695620433
5.663083086
5.622838144
5.608080353
5.59899447
5.619818571
5.657778122
5.701585254
5.747481731
5.794219213
5.841386005
5.888849315
5.936569339
5.971551191
6.040214648
6.110431764
6.220588263
6.348952453
6.486723678
6.651150767
6.760846395
6.898964201
6.981734134
7.071441929
7.156992458
7.273110339
7.369444648
7.491191126
7.599122641
7.703764484
7.8336425
7.895667341
7.96988798
7.971256294
7.957514225
7.938802224
7.918500367
7.897735256
7.876882312
7.856066554
7.835329512
7.814684876
7.823562523
7.756223703
7.684306856
7.529029515
7.341221498
7.174655544
6.933746693
6.745291981
6.493878465
6.275271538
6.102251242
5.862132823
5.669866473
5.413717623
5.182704071
4.97219544
4.726411444
4.663233672
4.536311139
4.577208095
4.597518656
3.068406712
2.562023393
0
0